Photolysis rate coefficients, s-1
   1 = O3 -> O2 + O(1D)                                  
   2 = H2O2 -> 2 OH                                      
   3 = NO2 -> NO + O(3P)                                 
   4 = NO3 -> NO2 + O(3P)                                
   5 = N2O5 -> NO3 + NO2                                 
   6 = CH2O -> H + HCO                                   
   7 = CH2O -> H2 + CO                                   
   8 = CH3OOH -> CH3O + OH                               
values at z =      0.500 km
Columns: time, sza, photo-reactions
time, hrs.  sza, deg.          1          2          3          4          5          6          7          8
    0.0000    106.410  0.000E+00  0.000E+00  0.000E+00  0.000E+00  0.000E+00  0.000E+00  0.000E+00  0.000E+00
    0.2500    105.742  0.000E+00  0.000E+00  0.000E+00  0.000E+00  0.000E+00  0.000E+00  0.000E+00  0.000E+00
    0.5000    104.938  0.000E+00  0.000E+00  0.000E+00  0.000E+00  0.000E+00  0.000E+00  0.000E+00  0.000E+00
    0.7500    104.001  0.000E+00  0.000E+00  0.000E+00  0.000E+00  0.000E+00  0.000E+00  0.000E+00  0.000E+00
    1.0000    102.938  0.000E+00  0.000E+00  0.000E+00  0.000E+00  0.000E+00  0.000E+00  0.000E+00  0.000E+00
    1.2500    101.754  0.000E+00  0.000E+00  0.000E+00  0.000E+00  0.000E+00  0.000E+00  0.000E+00  0.000E+00
    1.5000    100.456  1.038E-20  6.054E-18  1.390E-13  8.195E-10  8.856E-17  3.639E-20  2.315E-18  3.243E-18
    1.7500     99.049  6.125E-13  1.890E-12  6.102E-09  1.833E-07  1.268E-11  3.841E-12  1.417E-11  1.506E-12
    2.0000     97.541  1.743E-11  1.436E-11  3.354E-08  6.623E-07  9.141E-11  4.110E-11  1.065E-10  1.117E-11
    2.2500     95.938  1.788E-10  2.274E-10  5.228E-07  4.896E-06  1.450E-09  5.925E-10  1.760E-09  1.781E-10
    2.5000     94.246  1.914E-09  2.115E-09  4.722E-06  4.887E-05  1.342E-08  5.771E-09  1.627E-08  1.651E-09
    2.7500     92.472  9.578E-09  1.188E-08  2.897E-05  4.610E-04  7.634E-08  3.019E-08  9.099E-08  9.319E-09
    3.0000     90.622  2.838E-08  4.152E-08  1.056E-04  2.218E-03  2.683E-07  1.030E-07  3.191E-07  3.262E-08
    3.2500     88.702  6.630E-08  1.047E-07  2.634E-04  6.318E-03  6.753E-07  2.696E-07  8.096E-07  8.217E-08
    3.5000     86.719  1.294E-07  2.024E-07  4.914E-04  1.534E-02  1.297E-06  5.558E-07  1.568E-06  1.583E-07
    3.7500     84.677  2.286E-07  3.377E-07  7.990E-04  3.036E-02  2.153E-06  9.857E-07  2.603E-06  2.631E-07
    4.0000     82.584  3.781E-07  5.157E-07  1.204E-03  4.820E-02  3.279E-06  1.580E-06  3.937E-06  4.006E-07
    4.2500     80.444  5.979E-07  7.428E-07  1.708E-03  6.614E-02  4.707E-06  2.364E-06  5.613E-06  5.756E-07
    4.5000     78.263  9.116E-07  1.020E-06  2.285E-03  8.278E-02  6.436E-06  3.357E-06  7.638E-06  7.883E-07
    4.7500     76.046  1.353E-06  1.349E-06  2.915E-03  9.794E-02  8.469E-06  4.586E-06  1.002E-05  1.040E-06
    5.0000     73.800  1.943E-06  1.719E-06  3.561E-03  1.113E-01  1.073E-05  6.023E-06  1.268E-05  1.321E-06
    5.2500     71.527  2.707E-06  2.121E-06  4.206E-03  1.231E-01  1.316E-05  7.649E-06  1.553E-05  1.625E-06
    5.5000     69.235  3.658E-06  2.547E-06  4.835E-03  1.335E-01  1.572E-05  9.422E-06  1.850E-05  1.946E-06
    5.7500     66.929  4.806E-06  2.988E-06  5.436E-03  1.427E-01  1.834E-05  1.131E-05  2.153E-05  2.275E-06
    6.0000     64.614  6.148E-06  3.435E-06  6.005E-03  1.507E-01  2.098E-05  1.327E-05  2.455E-05  2.608E-06
    6.2500     62.295  7.673E-06  3.882E-06  6.538E-03  1.578E-01  2.361E-05  1.527E-05  2.752E-05  2.939E-06
    6.5000     59.980  9.366E-06  4.321E-06  7.033E-03  1.641E-01  2.618E-05  1.727E-05  3.039E-05  3.264E-06
    6.7500     57.675  1.120E-05  4.750E-06  7.490E-03  1.697E-01  2.868E-05  1.924E-05  3.314E-05  3.579E-06
    7.0000     55.386  1.315E-05  5.164E-06  7.909E-03  1.745E-01  3.108E-05  2.117E-05  3.576E-05  3.882E-06
    7.2500     53.122  1.519E-05  5.559E-06  8.291E-03  1.789E-01  3.336E-05  2.304E-05  3.821E-05  4.171E-06
    7.5000     50.891  1.728E-05  5.934E-06  8.638E-03  1.826E-01  3.552E-05  2.482E-05  4.050E-05  4.443E-06
    7.7500     48.703  1.940E-05  6.286E-06  8.951E-03  1.860E-01  3.754E-05  2.651E-05  4.262E-05  4.699E-06
    8.0000     46.569  2.149E-05  6.614E-06  9.233E-03  1.889E-01  3.942E-05  2.809E-05  4.457E-05  4.936E-06
    8.2500     44.501  2.355E-05  6.917E-06  9.484E-03  1.914E-01  4.115E-05  2.955E-05  4.635E-05  5.155E-06
    8.5000     42.512  2.553E-05  7.195E-06  9.706E-03  1.936E-01  4.274E-05  3.090E-05  4.796E-05  5.355E-06
    8.7500     40.620  2.736E-05  7.438E-06  9.896E-03  1.954E-01  4.412E-05  3.209E-05  4.935E-05  5.530E-06
    9.0000     38.840  2.910E-05  7.661E-06  1.007E-02  1.970E-01  4.539E-05  3.318E-05  5.061E-05  5.690E-06
    9.2500     37.193  3.066E-05  7.857E-06  1.021E-02  1.984E-01  4.650E-05  3.414E-05  5.172E-05  5.831E-06
    9.5000     35.701  3.213E-05  8.028E-06  1.034E-02  1.995E-01  4.747E-05  3.499E-05  5.267E-05  5.953E-06
    9.7500     34.386  3.335E-05  8.172E-06  1.044E-02  2.004E-01  4.829E-05  3.569E-05  5.346E-05  6.055E-06
   10.0000     33.271  3.445E-05  8.299E-06  1.053E-02  2.012E-01  4.901E-05  3.632E-05  5.417E-05  6.146E-06
   10.2500     32.379  3.526E-05  8.390E-06  1.059E-02  2.018E-01  4.952E-05  3.677E-05  5.466E-05  6.211E-06
   10.5000     31.731  3.584E-05  8.454E-06  1.064E-02  2.022E-01  4.988E-05  3.709E-05  5.501E-05  6.257E-06
   10.7500     31.342  3.618E-05  8.492E-06  1.066E-02  2.024E-01  5.010E-05  3.727E-05  5.522E-05  6.284E-06
   11.0000     31.223  3.628E-05  8.503E-06  1.067E-02  2.025E-01  5.016E-05  3.733E-05  5.528E-05  6.292E-06
   11.2500     31.377  3.615E-05  8.488E-06  1.066E-02  2.024E-01  5.008E-05  3.726E-05  5.520E-05  6.281E-06
   11.5000     31.800  3.577E-05  8.447E-06  1.063E-02  2.021E-01  4.984E-05  3.705E-05  5.497E-05  6.252E-06
   11.7500     32.482  3.516E-05  8.379E-06  1.059E-02  2.017E-01  4.946E-05  3.672E-05  5.460E-05  6.204E-06
   12.0000     33.403  3.433E-05  8.285E-06  1.052E-02  2.012E-01  4.893E-05  3.625E-05  5.409E-05  6.137E-06
   12.2500     34.545  3.324E-05  8.155E-06  1.043E-02  2.003E-01  4.819E-05  3.561E-05  5.337E-05  6.044E-06
   12.5000     35.884  3.195E-05  8.007E-06  1.032E-02  1.994E-01  4.735E-05  3.488E-05  5.255E-05  5.938E-06
   12.7500     37.397  3.047E-05  7.833E-06  1.019E-02  1.982E-01  4.637E-05  3.403E-05  5.158E-05  5.813E-06
   13.0000     39.061  2.889E-05  7.634E-06  1.005E-02  1.968E-01  4.523E-05  3.305E-05  5.046E-05  5.670E-06
   13.2500     40.856  2.713E-05  7.407E-06  9.871E-03  1.952E-01  4.394E-05  3.194E-05  4.917E-05  5.507E-06
   13.5000     42.761  2.528E-05  7.160E-06  9.679E-03  1.933E-01  4.254E-05  3.073E-05  4.776E-05  5.330E-06
   13.7500     44.759  2.329E-05  6.880E-06  9.453E-03  1.911E-01  4.094E-05  2.937E-05  4.613E-05  5.128E-06
   14.0000     46.836  2.123E-05  6.574E-06  9.198E-03  1.885E-01  3.919E-05  2.789E-05  4.433E-05  4.907E-06
   14.2500     48.976  1.913E-05  6.243E-06  8.913E-03  1.856E-01  3.729E-05  2.630E-05  4.236E-05  4.667E-06
   14.5000     51.168  1.702E-05  5.888E-06  8.595E-03  1.822E-01  3.525E-05  2.460E-05  4.022E-05  4.410E-06
   14.7500     53.402  1.493E-05  5.511E-06  8.244E-03  1.783E-01  3.308E-05  2.281E-05  3.791E-05  4.135E-06
   15.0000     55.667  1.291E-05  5.113E-06  7.858E-03  1.740E-01  3.078E-05  2.094E-05  3.544E-05  3.845E-06
   15.2500     57.956  1.097E-05  4.698E-06  7.435E-03  1.690E-01  2.837E-05  1.900E-05  3.281E-05  3.540E-06
   15.5000     60.261  9.151E-06  4.268E-06  6.974E-03  1.634E-01  2.587E-05  1.702E-05  3.005E-05  3.224E-06
   15.7500     62.573  7.480E-06  3.828E-06  6.475E-03  1.570E-01  2.329E-05  1.502E-05  2.716E-05  2.899E-06
   16.0000     64.888  5.978E-06  3.381E-06  5.939E-03  1.498E-01  2.067E-05  1.303E-05  2.419E-05  2.568E-06
   16.2500     67.200  4.660E-06  2.935E-06  5.366E-03  1.416E-01  1.803E-05  1.108E-05  2.117E-05  2.236E-06
   16.5000     69.501  3.538E-06  2.497E-06  4.762E-03  1.323E-01  1.542E-05  9.209E-06  1.815E-05  1.908E-06
   16.7500     71.787  2.610E-06  2.074E-06  4.131E-03  1.218E-01  1.288E-05  7.454E-06  1.520E-05  1.589E-06
   17.0000     74.053  1.868E-06  1.675E-06  3.488E-03  1.099E-01  1.046E-05  5.850E-06  1.236E-05  1.288E-06
   17.2500     76.292  1.297E-06  1.311E-06  2.844E-03  9.634E-02  8.232E-06  4.440E-06  9.746E-06  1.011E-06
   17.5000     78.500  8.723E-07  9.873E-07  2.219E-03  8.104E-02  6.234E-06  3.238E-06  7.400E-06  7.634E-07
   17.7500     80.671  5.706E-07  7.163E-07  1.651E-03  6.428E-02  4.541E-06  2.271E-06  5.418E-06  5.552E-07
   18.0000     82.800  3.599E-07  4.952E-07  1.158E-03  4.633E-02  3.149E-06  1.510E-06  3.785E-06  3.848E-07
   18.2500     84.882  2.168E-07  3.224E-07  7.642E-04  2.869E-02  2.057E-06  9.359E-07  2.487E-06  2.513E-07
   18.5000     86.911  1.220E-07  1.914E-07  4.663E-04  1.418E-02  1.228E-06  5.224E-07  1.483E-06  1.498E-07
   18.7500     88.881  6.192E-08  9.755E-08  2.460E-04  5.805E-03  6.292E-07  2.497E-07  7.537E-07  7.655E-08
   19.0000     90.786  2.631E-08  3.808E-08  9.678E-05  2.000E-03  2.461E-07  9.432E-08  2.926E-07  2.992E-08
   19.2500     92.620  8.496E-09  1.037E-08  2.509E-05  3.864E-04  6.654E-08  2.652E-08  7.940E-08  8.128E-09
   19.5000     94.378  1.652E-09  1.829E-09  4.066E-06  4.104E-05  1.160E-08  5.002E-09  1.408E-08  1.427E-09
   19.7500     96.052  1.495E-10  1.912E-10  4.423E-07  4.199E-06  1.220E-09  4.952E-10  1.478E-09  1.497E-10
   20.0000     97.637  1.562E-11  1.239E-11  2.876E-08  6.109E-07  7.880E-11  3.623E-11  9.160E-11  9.629E-12
   20.2500     99.125  4.531E-13  1.604E-12  5.423E-09  1.642E-07  1.086E-11  3.009E-12  1.196E-11  1.282E-12
   20.5000    100.510  1.016E-21  1.578E-18  3.889E-14  5.433E-10  2.542E-17  3.307E-21  2.913E-19  7.394E-19
   20.7500    101.788  0.000E+00  0.000E+00  0.000E+00  0.000E+00  0.000E+00  0.000E+00  0.000E+00  0.000E+00
   21.0000    102.948  0.000E+00  0.000E+00  0.000E+00  0.000E+00  0.000E+00  0.000E+00  0.000E+00  0.000E+00
   21.2500    103.988  0.000E+00  0.000E+00  0.000E+00  0.000E+00  0.000E+00  0.000E+00  0.000E+00  0.000E+00
   21.5000    104.901  0.000E+00  0.000E+00  0.000E+00  0.000E+00  0.000E+00  0.000E+00  0.000E+00  0.000E+00
   21.7500    105.680  0.000E+00  0.000E+00  0.000E+00  0.000E+00  0.000E+00  0.000E+00  0.000E+00  0.000E+00
   22.0000    106.323  0.000E+00  0.000E+00  0.000E+00  0.000E+00  0.000E+00  0.000E+00  0.000E+00  0.000E+00
   22.2500    106.825  0.000E+00  0.000E+00  0.000E+00  0.000E+00  0.000E+00  0.000E+00  0.000E+00  0.000E+00
   22.5000    107.181  0.000E+00  0.000E+00  0.000E+00  0.000E+00  0.000E+00  0.000E+00  0.000E+00  0.000E+00
   22.7500    107.391  0.000E+00  0.000E+00  0.000E+00  0.000E+00  0.000E+00  0.000E+00  0.000E+00  0.000E+00
   23.0000    107.454  0.000E+00  0.000E+00  0.000E+00  0.000E+00  0.000E+00  0.000E+00  0.000E+00  0.000E+00
   23.2500    107.367  0.000E+00  0.000E+00  0.000E+00  0.000E+00  0.000E+00  0.000E+00  0.000E+00  0.000E+00
   23.5000    107.132  0.000E+00  0.000E+00  0.000E+00  0.000E+00  0.000E+00  0.000E+00  0.000E+00  0.000E+00
   23.7500    106.752  0.000E+00  0.000E+00  0.000E+00  0.000E+00  0.000E+00  0.000E+00  0.000E+00  0.000E+00
   24.0000    106.227  0.000E+00  0.000E+00  0.000E+00  0.000E+00  0.000E+00  0.000E+00  0.000E+00  0.000E+00
------------------------------------------------------------
