# The data in this file was extracted from a direct numerical
# simulation of fully developed plane turbulent channel
# flow. Particulars are listed below. Note that some of the statistical
# quantities provided in this data set should be zero due to
# (statistical) symmetries in the flow. These quantities are reported
# here none-the-less as an indicator of the quality of the statistics.
# more statistics from this data set are available at 
# http://www.tam.uiuc.edu/Faculty/Moser/channel 
#
# Authors: Moser, Kim & Mansour
# Reference: DNS of Turbulent Channel Flow up to Re_tau=590, 1999,
#            Physics of Fluids, vol 11, 943-945.
# Numerical Method: Kim, Moin & Moser, 1987, J. Fluid Mech. vol 177, 133-166 
# Re_tau = 587.19
# Normalization: U_tau, h 
# Description: Streamwise (x) One-dimensional spectra of velocity and pressure at indicated y-location 
# Filename: chan590/spectra/chan590.xspec.99 
# Date File Created: Feb 29, 2000 
#
#---End of Header---
# 
# nx = 384,  Re = 587.19,  y = 0.16853,  y+ =  98.96
#
#     k_x          E_uu         E_vv         E_ww         E_pp
#
   0.0000e+00   7.5116e-01   4.6857e-02   3.9896e-02   1.0250e-01
   1.0000e+00   5.6523e-01   7.8817e-02   1.1890e-01   2.9035e-01
   2.0000e+00   3.7010e-01   6.5118e-02   1.4708e-01   3.6153e-01
   3.0000e+00   2.3593e-01   5.8758e-02   1.1847e-01   3.2784e-01
   4.0000e+00   1.7713e-01   5.1593e-02   1.0363e-01   2.9832e-01
   5.0000e+00   1.4846e-01   5.1058e-02   9.6286e-02   3.0117e-01
   6.0000e+00   1.0954e-01   4.3607e-02   7.9362e-02   2.6524e-01
   7.0000e+00   9.3707e-02   4.4008e-02   7.0852e-02   2.6038e-01
   8.0000e+00   7.8278e-02   4.0648e-02   6.6338e-02   2.0955e-01
   9.0000e+00   6.7516e-02   3.7479e-02   6.1049e-02   2.0533e-01
   1.0000e+01   5.5621e-02   3.5408e-02   5.6015e-02   1.8968e-01
   1.1000e+01   4.8740e-02   3.2313e-02   4.9696e-02   1.6797e-01
   1.2000e+01   4.2689e-02   3.1198e-02   4.5679e-02   1.5664e-01
   1.3000e+01   3.5845e-02   2.7919e-02   4.1845e-02   1.3834e-01
   1.4000e+01   3.2776e-02   2.6638e-02   3.8731e-02   1.3330e-01
   1.5000e+01   2.8527e-02   2.3901e-02   3.5334e-02   1.1926e-01
   1.6000e+01   2.5434e-02   2.3441e-02   3.1448e-02   1.1500e-01
   1.7000e+01   2.2900e-02   2.1805e-02   2.9866e-02   1.0180e-01
   1.8000e+01   2.0446e-02   2.0203e-02   2.7581e-02   9.6616e-02
   1.9000e+01   1.8511e-02   1.8451e-02   2.4947e-02   8.8452e-02
   2.0000e+01   1.6319e-02   1.7264e-02   2.2474e-02   8.2448e-02
   2.1000e+01   1.4838e-02   1.6605e-02   2.1845e-02   7.7698e-02
   2.2000e+01   1.3380e-02   1.5029e-02   1.9659e-02   7.0781e-02
   2.3000e+01   1.2087e-02   1.4301e-02   1.8450e-02   6.6396e-02
   2.4000e+01   1.1063e-02   1.3150e-02   1.7445e-02   5.9380e-02
   2.5000e+01   1.0136e-02   1.2388e-02   1.6046e-02   5.6362e-02
   2.6000e+01   9.2853e-03   1.1607e-02   1.4833e-02   5.3216e-02
   2.7000e+01   8.3863e-03   1.0705e-02   1.3574e-02   4.8847e-02
   2.8000e+01   7.6913e-03   1.0234e-02   1.2707e-02   4.5410e-02
   2.9000e+01   7.0671e-03   9.4072e-03   1.1939e-02   4.1243e-02
   3.0000e+01   6.5075e-03   8.9538e-03   1.1125e-02   3.8367e-02
   3.1000e+01   5.9997e-03   8.2727e-03   1.0050e-02   3.5733e-02
   3.2000e+01   5.5175e-03   7.7538e-03   9.4192e-03   3.2890e-02
   3.3000e+01   5.1369e-03   7.2063e-03   8.9002e-03   3.0313e-02
   3.4000e+01   4.7210e-03   6.8656e-03   8.4202e-03   2.8715e-02
   3.5000e+01   4.3373e-03   6.3639e-03   7.6973e-03   2.6650e-02
   3.6000e+01   4.0243e-03   5.9391e-03   7.3063e-03   2.4444e-02
   3.7000e+01   3.7175e-03   5.6799e-03   6.5697e-03   2.2655e-02
   3.8000e+01   3.4611e-03   5.2933e-03   6.2720e-03   2.0938e-02
   3.9000e+01   3.2537e-03   4.9498e-03   5.8785e-03   1.8899e-02
   4.0000e+01   3.0235e-03   4.7254e-03   5.3811e-03   1.8581e-02
   4.1000e+01   2.7809e-03   4.2955e-03   5.1959e-03   1.6805e-02
   4.2000e+01   2.5805e-03   4.1411e-03   4.8340e-03   1.6077e-02
   4.3000e+01   2.4394e-03   3.9004e-03   4.6147e-03   1.4974e-02
   4.4000e+01   2.2251e-03   3.6086e-03   4.1795e-03   1.3813e-02
   4.5000e+01   2.0936e-03   3.4480e-03   3.9475e-03   1.2956e-02
   4.6000e+01   1.9826e-03   3.2396e-03   3.7064e-03   1.2191e-02
   4.7000e+01   1.8071e-03   3.0201e-03   3.5231e-03   1.0952e-02
   4.8000e+01   1.7010e-03   2.8277e-03   3.2641e-03   1.0307e-02
   4.9000e+01   1.5952e-03   2.6773e-03   3.0548e-03   9.5645e-03
   5.0000e+01   1.5100e-03   2.5913e-03   2.9709e-03   9.2011e-03
   5.1000e+01   1.3984e-03   2.4247e-03   2.7440e-03   8.4272e-03
   5.2000e+01   1.3051e-03   2.3000e-03   2.5195e-03   7.9652e-03
   5.3000e+01   1.2270e-03   2.1406e-03   2.4161e-03   7.3399e-03
   5.4000e+01   1.1589e-03   2.0175e-03   2.2759e-03   6.9116e-03
   5.5000e+01   1.0818e-03   1.8984e-03   2.1489e-03   6.4338e-03
   5.6000e+01   1.0140e-03   1.8282e-03   1.9795e-03   6.0745e-03
   5.7000e+01   9.5356e-04   1.6786e-03   1.8711e-03   5.5626e-03
   5.8000e+01   8.9635e-04   1.6038e-03   1.7986e-03   5.3044e-03
   5.9000e+01   8.3982e-04   1.5174e-03   1.6756e-03   4.9583e-03
   6.0000e+01   7.9789e-04   1.4647e-03   1.5768e-03   4.6414e-03
   6.1000e+01   7.3622e-04   1.3508e-03   1.5042e-03   4.2695e-03
   6.2000e+01   7.0449e-04   1.2876e-03   1.4127e-03   4.0779e-03
   6.3000e+01   6.5624e-04   1.2198e-03   1.3522e-03   3.7631e-03
   6.4000e+01   6.1788e-04   1.1417e-03   1.2481e-03   3.5633e-03
   6.5000e+01   5.8298e-04   1.1024e-03   1.1762e-03   3.3503e-03
   6.6000e+01   5.5637e-04   1.0535e-03   1.1224e-03   3.1945e-03
   6.7000e+01   5.1440e-04   1.0064e-03   1.0624e-03   3.0102e-03
   6.8000e+01   4.9473e-04   9.3100e-04   1.0153e-03   2.8062e-03
   6.9000e+01   4.6153e-04   8.9408e-04   9.6522e-04   2.6601e-03
   7.0000e+01   4.3998e-04   8.4552e-04   9.2676e-04   2.4453e-03
   7.1000e+01   4.1634e-04   7.9774e-04   8.7130e-04   2.3016e-03
   7.2000e+01   3.8815e-04   7.5832e-04   8.2542e-04   2.1984e-03
   7.3000e+01   3.6786e-04   7.2602e-04   7.8201e-04   2.0402e-03
   7.4000e+01   3.5064e-04   6.9231e-04   7.3611e-04   1.9133e-03
   7.5000e+01   3.3163e-04   6.4946e-04   6.9515e-04   1.8223e-03
   7.6000e+01   3.1254e-04   6.2013e-04   6.6312e-04   1.6864e-03
   7.7000e+01   2.9686e-04   5.8722e-04   6.2489e-04   1.5971e-03
   7.8000e+01   2.8162e-04   5.5232e-04   6.0849e-04   1.4952e-03
   7.9000e+01   2.6511e-04   5.2881e-04   5.7350e-04   1.4087e-03
   8.0000e+01   2.5323e-04   5.0086e-04   5.3571e-04   1.3395e-03
   8.1000e+01   2.4077e-04   4.7657e-04   5.0551e-04   1.2769e-03
   8.2000e+01   2.2755e-04   4.5621e-04   4.8515e-04   1.2075e-03
   8.3000e+01   2.1574e-04   4.3207e-04   4.6690e-04   1.1233e-03
   8.4000e+01   2.0468e-04   4.0961e-04   4.4871e-04   1.0552e-03
   8.5000e+01   1.9348e-04   3.9685e-04   4.2878e-04   9.9479e-04
   8.6000e+01   1.8288e-04   3.8068e-04   4.0266e-04   9.4895e-04
   8.7000e+01   1.7444e-04   3.5621e-04   3.8715e-04   8.8626e-04
   8.8000e+01   1.6479e-04   3.4313e-04   3.6176e-04   8.4245e-04
   8.9000e+01   1.5708e-04   3.1928e-04   3.4454e-04   8.0200e-04
   9.0000e+01   1.4923e-04   3.1060e-04   3.3188e-04   7.4576e-04
   9.1000e+01   1.4214e-04   2.9575e-04   3.1303e-04   7.0039e-04
   9.2000e+01   1.3400e-04   2.7982e-04   2.9995e-04   6.7842e-04
   9.3000e+01   1.2771e-04   2.6743e-04   2.8481e-04   6.2870e-04
   9.4000e+01   1.2076e-04   2.5617e-04   2.7200e-04   6.0131e-04
   9.5000e+01   1.1607e-04   2.4329e-04   2.6021e-04   5.5880e-04
   9.6000e+01   1.0971e-04   2.3118e-04   2.4795e-04   5.3192e-04
   9.7000e+01   1.0559e-04   2.2183e-04   2.3688e-04   5.1229e-04
   9.8000e+01   9.9821e-05   2.1305e-04   2.2142e-04   4.8054e-04
   9.9000e+01   9.4724e-05   2.0236e-04   2.1417e-04   4.4832e-04
   1.0000e+02   9.0011e-05   1.9271e-04   2.0239e-04   4.2782e-04
   1.0100e+02   8.5559e-05   1.8481e-04   1.9741e-04   4.0907e-04
   1.0200e+02   8.2423e-05   1.7793e-04   1.8664e-04   3.9011e-04
   1.0300e+02   7.8344e-05   1.7085e-04   1.7879e-04   3.6685e-04
   1.0400e+02   7.5047e-05   1.5992e-04   1.7016e-04   3.4196e-04
   1.0500e+02   7.0218e-05   1.5164e-04   1.6338e-04   3.2641e-04
   1.0600e+02   6.7105e-05   1.4725e-04   1.5503e-04   3.0530e-04
   1.0700e+02   6.4302e-05   1.3990e-04   1.5096e-04   2.9372e-04
   1.0800e+02   6.1669e-05   1.3384e-04   1.4162e-04   2.7820e-04
   1.0900e+02   5.9342e-05   1.2842e-04   1.3643e-04   2.6434e-04
   1.1000e+02   5.5964e-05   1.2278e-04   1.3188e-04   2.5533e-04
   1.1100e+02   5.3363e-05   1.1782e-04   1.2498e-04   2.3841e-04
   1.1200e+02   5.1162e-05   1.1313e-04   1.1916e-04   2.2638e-04
   1.1300e+02   4.8879e-05   1.0864e-04   1.1371e-04   2.1043e-04
   1.1400e+02   4.7055e-05   1.0362e-04   1.0785e-04   2.0503e-04
   1.1500e+02   4.4901e-05   9.9192e-05   1.0442e-04   1.9267e-04
   1.1600e+02   4.2692e-05   9.4117e-05   1.0024e-04   1.7914e-04
   1.1700e+02   4.0267e-05   8.8752e-05   9.4747e-05   1.7457e-04
   1.1800e+02   3.9080e-05   8.6877e-05   9.0234e-05   1.6674e-04
   1.1900e+02   3.7757e-05   8.3806e-05   8.7857e-05   1.5924e-04
   1.2000e+02   3.5790e-05   7.9738e-05   8.3824e-05   1.4948e-04
   1.2100e+02   3.4372e-05   7.7075e-05   8.1193e-05   1.4548e-04
   1.2200e+02   3.2900e-05   7.2982e-05   7.8010e-05   1.3555e-04
   1.2300e+02   3.1446e-05   7.0003e-05   7.3242e-05   1.3027e-04
   1.2400e+02   2.9835e-05   6.7948e-05   7.0357e-05   1.2459e-04
   1.2500e+02   2.8712e-05   6.4323e-05   6.7759e-05   1.1858e-04
   1.2600e+02   2.7489e-05   6.2071e-05   6.5295e-05   1.1242e-04
   1.2700e+02   2.6336e-05   5.9343e-05   6.3031e-05   1.0787e-04
   1.2800e+02   2.5022e-05   5.7266e-05   6.0026e-05   1.0114e-04
   1.2900e+02   2.4290e-05   5.4669e-05   5.7615e-05   9.6987e-05
   1.3000e+02   2.2854e-05   5.2098e-05   5.4720e-05   9.1962e-05
   1.3100e+02   2.2295e-05   5.0170e-05   5.3040e-05   8.8170e-05
   1.3200e+02   2.1261e-05   4.8185e-05   5.0666e-05   8.4223e-05
   1.3300e+02   2.0342e-05   4.6578e-05   4.9001e-05   8.0970e-05
   1.3400e+02   1.9538e-05   4.4404e-05   4.6808e-05   7.6894e-05
   1.3500e+02   1.8455e-05   4.3244e-05   4.4908e-05   7.5190e-05
   1.3600e+02   1.7935e-05   4.1209e-05   4.3401e-05   7.1744e-05
   1.3700e+02   1.7199e-05   3.9352e-05   4.2129e-05   6.8395e-05
   1.3800e+02   1.6638e-05   3.7605e-05   4.0175e-05   6.5052e-05
   1.3900e+02   1.5684e-05   3.6284e-05   3.8520e-05   6.3109e-05
   1.4000e+02   1.5386e-05   3.5270e-05   3.7080e-05   5.9635e-05
   1.4100e+02   1.4677e-05   3.4007e-05   3.5879e-05   5.7874e-05
   1.4200e+02   1.4007e-05   3.2460e-05   3.4251e-05   5.6105e-05
   1.4300e+02   1.3450e-05   3.1352e-05   3.2806e-05   5.4160e-05
   1.4400e+02   1.2830e-05   3.0442e-05   3.1892e-05   5.1489e-05
   1.4500e+02   1.2565e-05   2.9256e-05   3.0215e-05   4.9690e-05
   1.4600e+02   1.1941e-05   2.7896e-05   2.9221e-05   4.7870e-05
   1.4700e+02   1.1547e-05   2.7163e-05   2.8790e-05   4.6105e-05
   1.4800e+02   1.1178e-05   2.6120e-05   2.7626e-05   4.4397e-05
   1.4900e+02   1.0881e-05   2.5020e-05   2.6563e-05   4.3171e-05
   1.5000e+02   1.0433e-05   2.4271e-05   2.5711e-05   4.2023e-05
   1.5100e+02   9.9662e-06   2.3334e-05   2.4380e-05   4.1261e-05
   1.5200e+02   9.6461e-06   2.2488e-05   2.3797e-05   3.9750e-05
   1.5300e+02   9.4638e-06   2.1887e-05   2.3271e-05   3.8921e-05
   1.5400e+02   9.0258e-06   2.1041e-05   2.2526e-05   3.7816e-05
   1.5500e+02   8.6770e-06   2.0520e-05   2.1485e-05   3.7520e-05
   1.5600e+02   8.5490e-06   1.9978e-05   2.0887e-05   3.6168e-05
   1.5700e+02   8.2039e-06   1.9122e-05   2.0333e-05   3.5753e-05
   1.5800e+02   7.9062e-06   1.8605e-05   1.9565e-05   3.4811e-05
   1.5900e+02   7.7314e-06   1.8269e-05   1.9011e-05   3.4872e-05
   1.6000e+02   7.3680e-06   1.7706e-05   1.8413e-05   3.4395e-05
   1.6100e+02   7.2943e-06   1.7014e-05   1.8159e-05   3.3781e-05
   1.6200e+02   7.0176e-06   1.6620e-05   1.7503e-05   3.3731e-05
   1.6300e+02   6.8757e-06   1.6119e-05   1.6986e-05   3.3191e-05
   1.6400e+02   6.6667e-06   1.5747e-05   1.6532e-05   3.3717e-05
   1.6500e+02   6.4749e-06   1.5014e-05   1.5986e-05   3.3145e-05
   1.6600e+02   6.2843e-06   1.5043e-05   1.5538e-05   3.3713e-05
   1.6700e+02   6.2505e-06   1.4578e-05   1.5349e-05   3.3372e-05
   1.6800e+02   5.9994e-06   1.4159e-05   1.5131e-05   3.3973e-05
   1.6900e+02   5.8449e-06   1.3840e-05   1.4541e-05   3.3915e-05
   1.7000e+02   5.6805e-06   1.3582e-05   1.4340e-05   3.4727e-05
   1.7100e+02   5.5883e-06   1.3210e-05   1.3856e-05   3.4374e-05
   1.7200e+02   5.5006e-06   1.3069e-05   1.3769e-05   3.4782e-05
   1.7300e+02   5.3475e-06   1.2971e-05   1.3348e-05   3.5759e-05
   1.7400e+02   5.2987e-06   1.2551e-05   1.3235e-05   3.6691e-05
   1.7500e+02   5.1720e-06   1.2306e-05   1.3035e-05   3.7392e-05
   1.7600e+02   5.1667e-06   1.2332e-05   1.2908e-05   3.8035e-05
   1.7700e+02   5.0355e-06   1.2020e-05   1.2707e-05   3.8744e-05
   1.7800e+02   5.0148e-06   1.1880e-05   1.2532e-05   3.9984e-05
   1.7900e+02   4.9401e-06   1.1799e-05   1.2356e-05   4.0943e-05
   1.8000e+02   4.8754e-06   1.1727e-05   1.2237e-05   4.1963e-05
   1.8100e+02   4.8037e-06   1.1730e-05   1.2290e-05   4.3964e-05
   1.8200e+02   4.8388e-06   1.1732e-05   1.2300e-05   4.5038e-05
   1.8300e+02   4.8126e-06   1.1677e-05   1.2107e-05   4.6245e-05
   1.8400e+02   4.7806e-06   1.1666e-05   1.2116e-05   4.8072e-05
   1.8500e+02   4.7423e-06   1.1592e-05   1.2051e-05   4.9712e-05
   1.8600e+02   4.7959e-06   1.1809e-05   1.2200e-05   5.1753e-05
   1.8700e+02   4.7981e-06   1.1875e-05   1.2319e-05   5.4505e-05
   1.8800e+02   4.8624e-06   1.1978e-05   1.2421e-05   5.6885e-05
   1.8900e+02   4.8155e-06   1.1995e-05   1.2285e-05   5.9912e-05
   1.9000e+02   4.8378e-06   1.2090e-05   1.2471e-05   6.1952e-05
   1.9100e+02   5.0804e-06   1.2936e-05   1.3495e-05   6.5994e-05
