# The data in this file was extracted from a direct numerical
# simulation of fully developed plane turbulent channel
# flow. Particulars are listed below. Note that some of the statistical
# quantities provided in this data set should be zero due to
# (statistical) symmetries in the flow. These quantities are reported
# here none-the-less as an indicator of the quality of the statistics.
# more statistics from this data set are available at 
# http://www.tam.uiuc.edu/Faculty/Moser/channel 
#
# Authors: Moser, Kim & Mansour
# Reference: DNS of Turbulent Channel Flow up to Re_tau=590, 1999,
#            Physics of Fluids, vol 11, 943-945.
# Numerical Method: Kim, Moin & Moser, 1987, J. Fluid Mech. vol 177, 133-166 
# Re_tau = 587.19
# Normalization: U_tau, h 
# Description: Spanwise (z) One-dimensional spectra of velocity and pressure at indicated y-location 
# Filename: chan590/spectra/chan590.zspec.99 
# Date File Created: Feb 29, 2000 
#
#---End of Header---
# 
# nz = 384,  Re = 587.19,  y = 0.16853,  y+ =  98.96
#
#     k_z          E_uu         E_vv         E_ww         E_pp
#
   0.0000e+00   9.2847e-02   2.4213e-02   9.8425e-02   5.2718e-01
   2.0000e+00   3.1792e-01   5.0073e-02   2.6304e-01   7.8696e-01
   4.0000e+00   5.5144e-01   6.5026e-02   2.3930e-01   6.2101e-01
   6.0000e+00   4.3283e-01   7.2323e-02   1.8371e-01   5.1083e-01
   8.0000e+00   3.2328e-01   7.8071e-02   1.5159e-01   4.1152e-01
   1.0000e+01   2.4437e-01   7.3906e-02   1.1577e-01   3.3534e-01
   1.2000e+01   2.0000e-01   7.1965e-02   9.4839e-02   2.8163e-01
   1.4000e+01   1.4976e-01   6.4716e-02   7.6623e-02   2.3294e-01
   1.6000e+01   1.2483e-01   6.0212e-02   6.2712e-02   1.9540e-01
   1.8000e+01   1.0105e-01   5.4214e-02   5.2374e-02   1.6383e-01
   2.0000e+01   8.2573e-02   4.8616e-02   4.3062e-02   1.3642e-01
   2.2000e+01   6.8873e-02   4.2121e-02   3.6111e-02   1.1819e-01
   2.4000e+01   5.8754e-02   3.8636e-02   3.0103e-02   9.9116e-02
   2.6000e+01   4.8682e-02   3.3990e-02   2.5580e-02   8.7026e-02
   2.8000e+01   4.1338e-02   2.9964e-02   2.1105e-02   7.3586e-02
   3.0000e+01   3.5352e-02   2.6768e-02   1.8020e-02   6.4441e-02
   3.2000e+01   2.9884e-02   2.3945e-02   1.5387e-02   5.4778e-02
   3.4000e+01   2.5863e-02   2.1091e-02   1.2931e-02   4.6852e-02
   3.6000e+01   2.2136e-02   1.8497e-02   1.1197e-02   4.1819e-02
   3.8000e+01   1.9662e-02   1.6645e-02   9.4220e-03   3.6787e-02
   4.0000e+01   1.6789e-02   1.4767e-02   8.2064e-03   3.1580e-02
   4.2000e+01   1.5120e-02   1.3128e-02   7.1449e-03   2.7868e-02
   4.4000e+01   1.2961e-02   1.1644e-02   6.0729e-03   2.3864e-02
   4.6000e+01   1.1652e-02   1.0522e-02   5.2918e-03   2.1272e-02
   4.8000e+01   1.0139e-02   9.2351e-03   4.5839e-03   1.8666e-02
   5.0000e+01   9.1389e-03   8.4127e-03   4.0830e-03   1.6391e-02
   5.2000e+01   8.1576e-03   7.6004e-03   3.5297e-03   1.4374e-02
   5.4000e+01   7.1901e-03   6.7934e-03   3.0681e-03   1.2725e-02
   5.6000e+01   6.3742e-03   5.9689e-03   2.7115e-03   1.1118e-02
   5.8000e+01   5.8324e-03   5.4436e-03   2.4442e-03   9.8886e-03
   6.0000e+01   5.3131e-03   4.8572e-03   2.1571e-03   8.7295e-03
   6.2000e+01   4.6212e-03   4.3766e-03   1.8909e-03   7.7557e-03
   6.4000e+01   4.1693e-03   3.9358e-03   1.6735e-03   6.8360e-03
   6.6000e+01   3.8128e-03   3.5304e-03   1.4960e-03   6.1124e-03
   6.8000e+01   3.4643e-03   3.2568e-03   1.3275e-03   5.3968e-03
   7.0000e+01   3.1019e-03   2.9388e-03   1.1841e-03   4.7748e-03
   7.2000e+01   2.8144e-03   2.6649e-03   1.0651e-03   4.2839e-03
   7.4000e+01   2.5577e-03   2.4174e-03   9.5483e-04   3.8403e-03
   7.6000e+01   2.3724e-03   2.1984e-03   8.5755e-04   3.3984e-03
   7.8000e+01   2.1575e-03   1.9834e-03   7.6812e-04   3.0281e-03
   8.0000e+01   1.9641e-03   1.8233e-03   6.8726e-04   2.7195e-03
   8.2000e+01   1.7867e-03   1.6328e-03   6.2091e-04   2.4639e-03
   8.4000e+01   1.6333e-03   1.4866e-03   5.5755e-04   2.1778e-03
   8.6000e+01   1.4779e-03   1.3580e-03   5.0327e-04   1.9511e-03
   8.8000e+01   1.3676e-03   1.2414e-03   4.5660e-04   1.7499e-03
   9.0000e+01   1.2388e-03   1.1276e-03   4.1267e-04   1.5744e-03
   9.2000e+01   1.1531e-03   1.0405e-03   3.6939e-04   1.4130e-03
   9.4000e+01   1.0508e-03   9.5062e-04   3.3869e-04   1.2653e-03
   9.6000e+01   9.7222e-04   8.7886e-04   3.0804e-04   1.1425e-03
   9.8000e+01   8.8677e-04   7.9564e-04   2.8008e-04   1.0249e-03
   1.0000e+02   8.1300e-04   7.2247e-04   2.5350e-04   9.1757e-04
   1.0200e+02   7.6003e-04   6.7548e-04   2.2943e-04   8.4260e-04
   1.0400e+02   6.9368e-04   6.1763e-04   2.0926e-04   7.5688e-04
   1.0600e+02   6.4042e-04   5.5524e-04   1.9224e-04   6.8154e-04
   1.0800e+02   5.8590e-04   5.1903e-04   1.7430e-04   6.1620e-04
   1.1000e+02   5.4520e-04   4.8096e-04   1.5948e-04   5.5331e-04
   1.1200e+02   5.0818e-04   4.3708e-04   1.4590e-04   4.9938e-04
   1.1400e+02   4.7107e-04   4.0299e-04   1.3514e-04   4.5458e-04
   1.1600e+02   4.3277e-04   3.7481e-04   1.2183e-04   4.1518e-04
   1.1800e+02   4.0131e-04   3.4090e-04   1.1120e-04   3.7460e-04
   1.2000e+02   3.7297e-04   3.1364e-04   1.0345e-04   3.3990e-04
   1.2200e+02   3.4472e-04   2.9228e-04   9.3851e-05   3.0820e-04
   1.2400e+02   3.1622e-04   2.6937e-04   8.6656e-05   2.8245e-04
   1.2600e+02   2.9416e-04   2.4942e-04   7.9065e-05   2.5499e-04
   1.2800e+02   2.7434e-04   2.2980e-04   7.2908e-05   2.3451e-04
   1.3000e+02   2.5433e-04   2.1415e-04   6.6696e-05   2.1190e-04
   1.3200e+02   2.3578e-04   1.9770e-04   6.1296e-05   1.9491e-04
   1.3400e+02   2.1592e-04   1.8078e-04   5.6250e-05   1.7765e-04
   1.3600e+02   2.0319e-04   1.6867e-04   5.2017e-05   1.6147e-04
   1.3800e+02   1.8808e-04   1.5431e-04   4.7864e-05   1.4607e-04
   1.4000e+02   1.7627e-04   1.4403e-04   4.4168e-05   1.3593e-04
   1.4200e+02   1.6326e-04   1.3410e-04   4.0577e-05   1.2281e-04
   1.4400e+02   1.5244e-04   1.2294e-04   3.7865e-05   1.1265e-04
   1.4600e+02   1.4198e-04   1.1522e-04   3.4426e-05   1.0476e-04
   1.4800e+02   1.3200e-04   1.0713e-04   3.1902e-05   9.5950e-05
   1.5000e+02   1.2299e-04   9.9935e-05   2.9755e-05   8.7516e-05
   1.5200e+02   1.1443e-04   9.2010e-05   2.7454e-05   8.0797e-05
   1.5400e+02   1.0740e-04   8.5841e-05   2.5517e-05   7.4314e-05
   1.5600e+02   9.9848e-05   7.9706e-05   2.3481e-05   6.8052e-05
   1.5800e+02   9.2534e-05   7.4978e-05   2.1580e-05   6.3314e-05
   1.6000e+02   8.7552e-05   6.8817e-05   2.0102e-05   5.7143e-05
   1.6200e+02   8.1518e-05   6.4029e-05   1.8721e-05   5.3582e-05
   1.6400e+02   7.6023e-05   5.9652e-05   1.7353e-05   4.8817e-05
   1.6600e+02   7.1688e-05   5.6114e-05   1.6071e-05   4.5116e-05
   1.6800e+02   6.6790e-05   5.1742e-05   1.4844e-05   4.1753e-05
   1.7000e+02   6.2414e-05   4.7977e-05   1.3773e-05   3.8405e-05
   1.7200e+02   5.8582e-05   4.5033e-05   1.2796e-05   3.5984e-05
   1.7400e+02   5.3994e-05   4.2202e-05   1.1809e-05   3.3011e-05
   1.7600e+02   5.1319e-05   3.9404e-05   1.1088e-05   3.0696e-05
   1.7800e+02   4.7780e-05   3.6793e-05   1.0230e-05   2.8378e-05
   1.8000e+02   4.4397e-05   3.4364e-05   9.5698e-06   2.6235e-05
   1.8200e+02   4.1810e-05   3.1921e-05   8.8580e-06   2.4390e-05
   1.8400e+02   3.9240e-05   2.9766e-05   8.2380e-06   2.2631e-05
   1.8600e+02   3.6794e-05   2.7906e-05   7.6883e-06   2.1100e-05
   1.8800e+02   3.4048e-05   2.6159e-05   7.0930e-06   1.9661e-05
   1.9000e+02   3.2358e-05   2.4350e-05   6.5963e-06   1.8331e-05
   1.9200e+02   3.0518e-05   2.2955e-05   6.1937e-06   1.6924e-05
   1.9400e+02   2.8502e-05   2.1373e-05   5.7336e-06   1.5736e-05
   1.9600e+02   2.6613e-05   2.0068e-05   5.3468e-06   1.4574e-05
   1.9800e+02   2.5264e-05   1.8767e-05   5.0298e-06   1.3717e-05
   2.0000e+02   2.3600e-05   1.7597e-05   4.6656e-06   1.2734e-05
   2.0200e+02   2.1967e-05   1.6402e-05   4.3549e-06   1.1959e-05
   2.0400e+02   2.0758e-05   1.5415e-05   4.0508e-06   1.1200e-05
   2.0600e+02   1.9610e-05   1.4466e-05   3.7509e-06   1.0418e-05
   2.0800e+02   1.8322e-05   1.3567e-05   3.5362e-06   9.7915e-06
   2.1000e+02   1.7193e-05   1.2770e-05   3.3001e-06   9.1741e-06
   2.1200e+02   1.6235e-05   1.1957e-05   3.0892e-06   8.6441e-06
   2.1400e+02   1.5173e-05   1.1130e-05   2.8691e-06   8.0540e-06
   2.1600e+02   1.4432e-05   1.0472e-05   2.6827e-06   7.5810e-06
   2.1800e+02   1.3554e-05   9.8341e-06   2.4988e-06   7.1565e-06
   2.2000e+02   1.2697e-05   9.3670e-06   2.3336e-06   6.7034e-06
   2.2200e+02   1.1890e-05   8.6243e-06   2.2089e-06   6.3017e-06
   2.2400e+02   1.1230e-05   8.1912e-06   2.0534e-06   5.9142e-06
   2.2600e+02   1.0571e-05   7.7053e-06   1.9086e-06   5.5667e-06
   2.2800e+02   9.9431e-06   7.1310e-06   1.7946e-06   5.2688e-06
   2.3000e+02   9.4125e-06   6.7455e-06   1.6836e-06   4.9569e-06
   2.3200e+02   8.8084e-06   6.3473e-06   1.5738e-06   4.6719e-06
   2.3400e+02   8.3709e-06   5.9922e-06   1.4648e-06   4.4047e-06
   2.3600e+02   7.7914e-06   5.5945e-06   1.3625e-06   4.1890e-06
   2.3800e+02   7.4315e-06   5.2501e-06   1.2840e-06   3.9294e-06
   2.4000e+02   6.9393e-06   4.9427e-06   1.2000e-06   3.7433e-06
   2.4200e+02   6.5694e-06   4.6465e-06   1.1279e-06   3.5360e-06
   2.4400e+02   6.1775e-06   4.4088e-06   1.0538e-06   3.3495e-06
   2.4600e+02   5.7957e-06   4.1241e-06   9.9054e-07   3.1951e-06
   2.4800e+02   5.4571e-06   3.8826e-06   9.2543e-07   2.9844e-06
   2.5000e+02   5.2117e-06   3.6519e-06   8.6812e-07   2.8426e-06
   2.5200e+02   4.8805e-06   3.4202e-06   8.1240e-07   2.7061e-06
   2.5400e+02   4.5880e-06   3.2219e-06   7.5835e-07   2.5759e-06
   2.5600e+02   4.3294e-06   3.0552e-06   7.1235e-07   2.4640e-06
   2.5800e+02   4.1027e-06   2.8492e-06   6.6854e-07   2.3184e-06
   2.6000e+02   3.8458e-06   2.7023e-06   6.2720e-07   2.2198e-06
   2.6200e+02   3.6355e-06   2.5445e-06   5.8812e-07   2.0880e-06
   2.6400e+02   3.4425e-06   2.4255e-06   5.5056e-07   2.0050e-06
   2.6600e+02   3.2604e-06   2.2638e-06   5.1934e-07   1.9333e-06
   2.6800e+02   3.0548e-06   2.1357e-06   4.8722e-07   1.8132e-06
   2.7000e+02   2.8818e-06   1.9974e-06   4.5799e-07   1.7326e-06
   2.7200e+02   2.7202e-06   1.8898e-06   4.2559e-07   1.6607e-06
   2.7400e+02   2.5967e-06   1.8058e-06   4.0151e-07   1.5864e-06
   2.7600e+02   2.4530e-06   1.6990e-06   3.8100e-07   1.5283e-06
   2.7800e+02   2.3061e-06   1.5930e-06   3.5674e-07   1.4451e-06
   2.8000e+02   2.1920e-06   1.5026e-06   3.3410e-07   1.4013e-06
   2.8200e+02   2.0567e-06   1.4257e-06   3.1247e-07   1.3409e-06
   2.8400e+02   1.9552e-06   1.3519e-06   2.9425e-07   1.2890e-06
   2.8600e+02   1.8358e-06   1.2736e-06   2.7546e-07   1.2240e-06
   2.8800e+02   1.7376e-06   1.1954e-06   2.5913e-07   1.1926e-06
   2.9000e+02   1.6466e-06   1.1341e-06   2.4589e-07   1.1578e-06
   2.9200e+02   1.5616e-06   1.0785e-06   2.2961e-07   1.1092e-06
   2.9400e+02   1.4696e-06   1.0060e-06   2.1573e-07   1.0579e-06
   2.9600e+02   1.3896e-06   9.6127e-07   2.0393e-07   1.0339e-06
   2.9800e+02   1.3261e-06   9.1686e-07   1.9045e-07   1.0067e-06
   3.0000e+02   1.2428e-06   8.6197e-07   1.7923e-07   9.7217e-07
   3.0200e+02   1.1882e-06   8.1249e-07   1.7132e-07   9.4648e-07
   3.0400e+02   1.1206e-06   7.6728e-07   1.6103e-07   9.1855e-07
   3.0600e+02   1.0624e-06   7.2884e-07   1.5132e-07   9.0170e-07
   3.0800e+02   1.0025e-06   6.9175e-07   1.4186e-07   8.7336e-07
   3.1000e+02   9.5268e-07   6.4637e-07   1.3377e-07   8.5804e-07
   3.1200e+02   9.1611e-07   6.1439e-07   1.2601e-07   8.2841e-07
   3.1400e+02   8.6531e-07   5.8798e-07   1.2069e-07   8.3181e-07
   3.1600e+02   8.1840e-07   5.5755e-07   1.1298e-07   8.0984e-07
   3.1800e+02   7.7619e-07   5.2437e-07   1.0585e-07   8.0652e-07
   3.2000e+02   7.3637e-07   4.9472e-07   1.0135e-07   7.9901e-07
   3.2200e+02   6.9632e-07   4.7161e-07   9.5818e-08   7.9295e-07
   3.2400e+02   6.6782e-07   4.4928e-07   9.0665e-08   7.9072e-07
   3.2600e+02   6.3307e-07   4.2735e-07   8.4753e-08   7.8904e-07
   3.2800e+02   6.0279e-07   4.0620e-07   8.0594e-08   7.9036e-07
   3.3000e+02   5.7582e-07   3.8778e-07   7.6355e-08   7.8574e-07
   3.3200e+02   5.4371e-07   3.6711e-07   7.2230e-08   7.8839e-07
   3.3400e+02   5.2509e-07   3.5235e-07   6.8735e-08   8.0537e-07
   3.3600e+02   5.0100e-07   3.3843e-07   6.5707e-08   8.2712e-07
   3.3800e+02   4.7972e-07   3.2661e-07   6.2714e-08   8.2949e-07
   3.4000e+02   4.5921e-07   3.1025e-07   6.0044e-08   8.4400e-07
   3.4200e+02   4.4127e-07   2.9721e-07   5.7260e-08   8.6776e-07
   3.4400e+02   4.2388e-07   2.8717e-07   5.4677e-08   8.8872e-07
   3.4600e+02   4.0605e-07   2.7717e-07   5.2587e-08   9.1775e-07
   3.4800e+02   3.9791e-07   2.6510e-07   5.1067e-08   9.4445e-07
   3.5000e+02   3.8330e-07   2.6130e-07   4.9061e-08   9.7586e-07
   3.5200e+02   3.7602e-07   2.5410e-07   4.7364e-08   1.0215e-06
   3.5400e+02   3.6751e-07   2.4892e-07   4.6072e-08   1.0595e-06
   3.5600e+02   3.5675e-07   2.4053e-07   4.5218e-08   1.1224e-06
   3.5800e+02   3.5481e-07   2.4002e-07   4.4175e-08   1.1797e-06
   3.6000e+02   3.5071e-07   2.3773e-07   4.3035e-08   1.2490e-06
   3.6200e+02   3.5077e-07   2.3533e-07   4.2770e-08   1.3208e-06
   3.6400e+02   3.5107e-07   2.3721e-07   4.2686e-08   1.4086e-06
   3.6600e+02   3.5445e-07   2.3725e-07   4.2633e-08   1.5073e-06
   3.6800e+02   3.5592e-07   2.4103e-07   4.2552e-08   1.6040e-06
   3.7000e+02   3.6187e-07   2.4360e-07   4.2700e-08   1.7243e-06
   3.7200e+02   3.6902e-07   2.4813e-07   4.2714e-08   1.8466e-06
   3.7400e+02   3.7889e-07   2.5342e-07   4.3291e-08   2.0254e-06
   3.7600e+02   4.0080e-07   2.6419e-07   4.4468e-08   2.2221e-06
   3.7800e+02   4.1811e-07   2.7559e-07   4.5136e-08   2.4032e-06
   3.8000e+02   4.3826e-07   2.9008e-07   4.6714e-08   2.6211e-06
   3.8200e+02   4.3979e-07   2.8894e-07   4.5519e-08   2.8903e-06
