     0.0
    30.0
    60.0
    90.0
   120.0
   150.0
   180.0
   210.0
   240.0
   270.0
   300.0
   330.0
   360.0
   390.0
   420.0
   450.0
   480.0
   510.0
   540.0
   570.0
   600.0
   630.0
   660.0
   690.0
   720.0
   750.0
   780.0
   810.0
   840.0
   870.0
   900.0
   930.0
   960.0
   990.0
  1020.0
  1050.0
  1080.0
  1110.0
  1140.0
  1170.0
  1200.0
  1230.0
  1260.0
  1290.0
  1320.0
  1350.0
  1380.0
  1410.0
  1440.0
  1470.0
  1500.0
  1530.0
  1560.0
  1590.0
  1620.0
  1650.0
  1680.0
  1710.0
  1740.0
  1770.0
  1800.0
  1830.0
  1860.0
  1890.0
  1920.0
  1950.0
  1980.0
  2010.0
  2040.0
  2070.0
  2100.0
  2130.0
  2160.0
  2190.0
  2220.0
  2250.0
  2280.0
  2310.0
  2340.0
  2370.0
  2400.0
  2430.0
  2460.0
  2490.0
  2520.0
  2550.0
  2580.0
  2610.0
  2640.0
  2670.0
  2700.0
  2730.0
  2760.0
  2790.0
  2820.0
  2850.0
  2880.0
  2910.0
  2940.0
  2970.0
  3000.0
  3030.0
  3060.0
  3090.0
  3120.0
  3150.0
  3180.0
  3210.0
  3240.0
  3270.0
  3300.0
  3330.0
  3360.0
  3390.0
  3420.0
  3450.0
  3480.0
  3510.0
  3540.0
  3570.0
  3600.0
  3630.0
  3660.0
  3690.0
  3720.0
  3750.0
  3780.0
  3810.0
  3840.0
  3870.0
  3900.0
  3930.0
  3960.0
  3990.0
  4020.0
  4050.0
  4080.0
  4110.0
  4140.0
  4170.0
  4200.0
  4230.0
  4260.0
  4290.0
  4320.0
  4350.0
  4380.0
  4410.0
  4440.0
  4470.0
  4500.0
  4530.0
  4560.0
  4590.0
  4620.0
  4650.0
  4680.0
  4710.0
  4740.0
  4770.0
  4800.0
  4830.0
  4860.0
  4890.0
  4920.0
  4950.0
  4980.0
  5010.0
  5041.6
  5074.9
  5110.1
  5147.1
  5186.1
  5227.3
  5270.6
  5316.3
  5364.5
  5415.2
  5468.7
  5525.1
  5584.5
  5647.2
  5713.2
  5782.8
  5856.2
  5933.5
  6015.0
  6100.9
  6191.4
  6286.8
  6387.4
  6493.4
  6605.1
  6722.8
  6846.9
  6977.8
  7115.6
  7261.0
  7414.1
  7575.6
  7745.7
  7925.1
  8114.1
  8313.4
  8523.4
  8744.7
  8978.0
  9223.9
  9483.1
  9756.2
 10044.2
 10344.2
 10644.2
 10944.2
 11244.2
 11544.2
 11844.2
 12144.2
 12444.2
 12744.2
 13044.2
 13344.2
 13644.2
 13944.2
 14244.2
 14544.2
 14800.0
