ALT	PRESS	TEMP	RH	SPEED	DIR	POTT	VIRPOT	Ri
1308	868.16	19.03	23.7	1	156.8946912	304.2362434	304.8419478	
1309	868.1233333	19.02	23.70333333	1	155.5014293	304.2295058	304.8349662	
1310	867.98	19	23.69	0.7	154.5946912	304.2230466	304.8275727	-0.002408657
1311	867.85	19.03	23.69	1	158.0946912	304.2673204	304.8730521	0.016508192
1313	867.67	19.15	23.69	1.5	161.6946912	304.4103434	305.0206072	0.038380729
1314	867.6	19.195	23.68	1.8	163.0946912	304.4642329	305.0759483	0.020082252
1316	867.41	19.555	23.68	2.25	165.5302493	304.8582524	305.4834508	0.130358409
1317	867.28	20.12	23.67	3.2	167.2946912	305.4598052	306.1062741	0.02228465
1318	867.19	21.37	23.67	4.2	168.6946912	306.7708666	307.4671916	0.043647173
1319	867.14	20.64	23.68	3.8	167.9946912	306.0155478	306.6827331	-0.157550806
1320	866.96	22.22	23.61	4.4	170.6446912	307.6795642	308.4100954	0.153439523
1322	866.77	22.995	23.505	4.3	172.7365515	308.5062017	309.2675798	5.473810881
1323	866.66	23.4	23.43	4	173.4946912	308.9393192	309.7166146	0.159116301
1324	866.62	23.7	23.38	3.8	173.8946912	309.2559349	310.0453428	0.261447838
1326	866.39	23.96	23.35	3.7	174.5946912	309.5502992	310.3510314	1.942887309
1327	866.285	24.385	23.31	3.5	176.2446912	310.0038419	310.8233787	0.373654501
1329	866.08	24.84	23.25	3.45	179.0048366	310.4989243	311.3385291	13.03215552
1330	865.96	25.06	23.23	3.4	181.0946912	310.7404733	311.5902933	3.176827598
1331	865.87	25.26	23.21	3.3	182.7946912	310.9581204	311.8172317	0.715138772
1332	865.79	25.38	23.21	3.2	184.9946912	311.091387	311.9565982	0.437707801
1334	865.64	25.67	23.2	3.1	188.2946912	311.4090208	312.288701	2.084481613
1335	865.515	25.685	23.205	3.1	188.2446912	311.4375168	312.318318	
1337	865.3	25.92	23.22	3	191.0946912	311.7045727	312.5982912	1.751098622
1338	865.2	26.08	23.235	3.1	192.4946912	311.8816414	312.7843769	0.580213594
1339	865.09	26.25	23.24	3.1	193.4946912	312.0701765	312.9821609	
1340	865	26.38	23.26	3.1	194.7946912	312.2149679	313.1347318	
1341	864.93	26.46	23.27	3.2	195.7946912	312.3055843	313.2300949	0.296552654
1342	864.84	26.55	23.28	3.2	197.3946912	312.4086954	313.3385393	
1344	864.64	26.655	23.305	3.3	199.6446912	312.5388209	313.4755948	0.85114868
1345	864.49	26.85	23.33	3.4	201.8946912	312.7576218	313.7062004	0.715121431
1346	864.44	26.85	23.34	3.4	202.7946912	312.7627955	313.7118532	
1348	864.27	26.96	23.37	3.5	203.6446912	312.8950751	313.851631	0.864359185
1349	864.15	27.07	23.4	3.5	204.0946912	313.0221919	313.986227	
1350	864.06	27.11	23.42	3.6	204.5946912	313.0732233	314.0404354	0.166644959
1351	863.92	27.22666667	23.45666667	3.7	205.4613569	313.2093837	314.1848316	0.444464066
1354	863.65	27.33	23.51	3.8	206.4946912	313.3451422	314.3290307	1.329000741
1355	863.55	27.42	23.54	3.8	207.7946912	313.449376	314.4397719	
1356	863.445	27.4	23.54	3.85	207.5531331	313.4394206	314.4288398	-0.129913571
1358	863.285	27.49	23.605	3.9	208.5446912	313.5498974	314.5474279	2.882481965
1359	863.15	27.51	23.63	3.9	208.2946912	313.5847819	314.5847216	
1360	863.02	27.55	23.65	3.9	207.9946912	313.6400122	314.6432958	
1361	863	27.55	23.67	3.9	207.9946912	313.642091	314.6462538	
1362	862.85	27.6	23.69	3.9	207.5946912	313.7098385	314.7179662	
1363	862.75	27.6	23.715	3.9	207.8446912	313.7202377	314.7295838	
1365	862.57	27.64	23.75	3.9	208.0946912	313.7806872	314.7941224	
1366	862.47	27.64	23.745	3.9	208.0446912	313.791092	314.8044692	
1367	862.39	27.69	23.76	3.9	208.4946912	313.8515793	314.8686308	
1369	862.215	27.69	23.78	3.9	209.0446912	313.8697965	314.8879773	
1370	862.04	27.74	23.79	3.9	209.0946912	313.9401871	314.9619921	
1371	861.97	27.73	23.79	3.9	209.5946912	313.9370444	314.9583739	
1372	861.92	27.73	23.79	4	209.6946912	313.9422528	314.9636606	0.016973128
1373	861.74	27.78	23.8	4	210.0946912	314.01318	315.0382309	
1374	861.67	27.78	23.81	4	210.4946912	314.0204755	315.0460673	
1376	861.49	27.78	23.83	4	210.2946912	314.0392392	315.0659759	
1377	861.385	27.825	23.84	4	210.5946912	314.0971487	315.1271328	
1379	861.19	27.87	23.85	4.1	211.2946912	314.1644527	315.1978365	0.438458346
1380	861.09	27.91	23.86	4.1	211.1946912	314.2166349	315.252981	
1381	861.02	27.91	23.86	4.1	210.9946912	314.2239407	315.2603982	
1382	860.92	27.96	23.89	4.15	211.2922815	314.2865669	315.3274615	0.815724695
1383	860.76	27.96	23.9	4.2	211.0946912	314.3032739	315.3448602	0.217614413
1384	860.67	28	23.91	4.2	211.1946912	314.3544273	315.3989817	
1386	860.56	28	23.91	4.2	210.5946912	314.3659188	315.4106498	
1387	860.38	28.05	23.94	4.1	210.4946912	314.4369246	315.4862532	0.231148597
1388	860.35	28	23.95	4.2	210.7946912	314.3878624	315.434679	-0.159740999
1389	860.22	28.01	23.95	4.1	209.8946912	314.41189	315.4595151	0.078228714
1390	860.11	28.05	23.965	4.1	209.2946912	314.4651513	315.5160119	
1392	859.91	28.05	23.99	4.1	209.2946912	314.4860673	315.5383478	
1393	859.82	28.1	23.99	4.1	209.1946912	314.5476887	315.603129	
1395	859.69	28.05	23.995	4.1	209.5946912	314.5090822	315.5619383	
1396	859.52	28.05	24	4.1	209.4946912	314.5268716	315.5802226	
1397	859.42	28.05	24.01	4	209.5946912	314.5373381	315.5912902	0.034072037
1398	859.31	28.05	24.02	4	209.7946912	314.548853	315.6034226	
1399	859.21	28.05	24	4	209.2946912	314.5593228	315.6131765	
1401	859.0533333	28.05	24.02	3.933333333	209.0650305	314.5757286	315.630715	0.24033016
1403	858.86	28.05	24.03	3.9	208.8946912	314.5959793	315.6517192	1.186615703
1404	858.76	28.05	24.025	3.85	208.4946912	314.6064561	315.6621389	0.13642296
1405	858.65	28.1	24.04	3.8	208.7946912	314.6702098	315.7297568	0.83002525
1407	858.48	28.05	24.02	3.8	208.2946912	314.6357995	315.691718	
1408	858.385	28	24.045	3.7	208.5446912	314.5935261	315.6476784	-0.137637669
1409	858.29	28	24.04	3.7	208.1946912	314.6034845	315.6575718	
1410	858.22	28	24.04	3.7	208.2946912	314.6108231	315.6650242	
1411	858.08	28.09	24.03	3.7	208.0946912	314.71953	315.7789609	
1412	858.04	28	24.04	3.7	208.3946912	314.6296975	315.6841911	
1413	857.85	28	24.04	3.7	208.5946912	314.649626	315.7044285	
1414	857.83	28	24.03	3.7	208.5946912	314.651724	315.7061203	
1416	857.615	28	24.05	3.7	209.5946912	314.6742823	315.7299061	
1417	857.48	28	24.04	3.7	209.5946912	314.6884503	315.7438549	
1418	857.395	28.025	24.045	3.65	210.246746	314.7234969	315.7807709	0.456394003
1420	857.21	28	24.06	3.6	209.6946912	314.7167952	315.773518	-0.174561128
1421	857.08	28.05	24.05	3.6	210.3946912	314.7827016	315.842224	
1422	857.015	27.96	24.045	3.55	209.7975081	314.6954689	315.7494352	-1.136230929
1423	856.9	27.96	24.05	3.5	209.8946912	314.7075471	315.7619198	0.157322306
1425	856.77	28.05	24.03	3.5	208.9946912	314.8152716	315.8744197	
1426	856.65	27.96	24.05	3.5	208.9946912	314.7338113	315.788591	
1427	856.55	27.96	24.05	3.6	209.1946912	314.7443198	315.7992623	0.034218908
1428	856.46	28	24.05	3.5	208.2946912	314.7955912	315.8530986	0.166934153
1429	856.325	27.935	24.045	3.5	208.4946912	314.7418354	315.7954165	
1430	856.25	28	24.05	3.5	207.9946912	314.81767	315.8755204	
1432	856.08	27.91	24.05	3.5	208.6946912	314.7414584	315.7941498	
1433	855.94	28	24.06	3.4	208.8946912	314.8502752	315.9090726	0.354295694
1434	855.865	27.98	24.05	3.4	209.1446912	314.8372553	315.8945245	
1435	855.765	27.955	24.04	3.35	209.8409598	314.8216376	315.8771191	-0.203428592
1437	855.56	27.91	24.04	3.35	211.3454375	314.7961573	315.849257	-8.41577E+27
1438	855.43	27.91	24.05	3.3	212.5946912	314.8098387	315.8635882	0.17823393
1440	855.24	27.91	24.04	3.25	213.1454604	314.8298395	315.8834603	0.521116822
1442	855.11	27.87	24.03	3.2	213.6946912	314.8016961	315.8526806	-0.733369677
1443	855.03	27.87	24.05	3.2	213.5946912	314.8101197	315.8621091	
1444	854.91	27.86	24.05	3.2	213.0946912	314.8122985	315.8638808	
1445	854.795	27.86	24.045	3.2	213.4946912	314.8244109	315.8759617	
1447	854.615	27.87	24.04	3.2	213.6446912	314.8538334	315.9060608	
1449	854.45	27.91	24.03	3.1	213.3946912	314.9130616	315.9675324	0.385796586
1450	854.315	27.91	24.03	3.2	213.8446912	314.9272932	315.9819844	0.046350292
1451	854.2	27.82	24.03	3.1	213.6946912	314.8452692	315.8947253	-0.267220827
1453	854.045	27.865	24.04	3.1	214.6946912	314.908688	315.9615428	
1454	853.89	27.87	24.02	3.1	213.6946912	314.9302661	315.9827989	
1455	853.8	27.86	24.02	3.1	213.6946912	314.9292977	315.9813746	
1456	853.71	27.77	24.04	3	213.2946912	314.8446281	315.8923127	-0.275885661
1457	853.67	27.87	24.03	3.1	213.6946912	314.953476	316.006806	0.354549904
1459	853.4733333	27.83333333	24.03333333	3.1	214.5613559	314.9358641	315.9874506	
1460	853.32	27.78	24.03	3.1	215.2946912	314.8962398	315.9447221	
1461	853.23	27.82	24.03	3.2	215.0946912	314.9475968	315.9986311	0.167312807
1462	853.13	27.77	24.03	3.2	215.9946912	314.9058307	315.9540211	
1463	853.06	27.77	24.04	3.2	216.2946912	314.9132208	315.9619613	
1464	852.93	27.82	24.04	3.2	216.5946912	314.9792748	316.0312356	
1466	852.82	27.73	24.04	3.2	217.6946912	314.8967009	315.9434298	
1467	852.675	27.82	24.025	3.15	218.4391356	315.0062124	316.0579327	1.427081832
1469	852.495	27.755	24.025	3.1	219.6946912	314.9571977	316.0053014	-1.277729347
1471	852.29	27.73	24.03	3.1	219.9946912	314.9526931	315.9998471	
1472	852.17	27.78	24.03	3.1	219.8946912	315.0177173	316.0680714	
1473	852.12	27.73	24.01	3.1	220.4946912	314.9706621	316.0172207	
1475	851.915	27.71	24.015	3.1	219.9446912	314.9713992	316.0173092	
1476	851.81	27.73	24.02	3.1	219.4946912	315.0034414	316.0509397	
1477	851.73	27.64	24.02	3.1	219.5946912	314.9176758	315.9599136	
1478	851.63	27.73	24.01	3.1	219.3946912	315.0224815	316.0698364	
1479	851.51	27.64	24.01	3.2	219.2446912	314.9409437	315.9831035	-0.265795883
1481	851.28	27.64	24.01	3.2	218.5946912	314.9652774	316.0078095	
1482	851.23	27.66	24.015	3.2	218.4446912	314.9915112	316.0355379	
1483	851.1	27.64	24.01	3.2	218.2946912	314.9843271	316.0271508	
1484	851.01	27.59	23.99	3.2	218.5946912	314.9414928	315.98061	
1485	850.97	27.68	24	3.2	218.3946912	315.0399779	316.0849714	
1487	850.765	27.615	23.99	3.25	218.9931527	314.993612	316.0346163	-1.209241555
1488	850.64	27.595	23.98	3.25	219.0485374	314.9859024	316.0254819	
1489	850.52	27.64	23.98	3.3	218.6946912	315.0457447	316.0882047	0.780292668
1491	850.34	27.59	23.99	3.3	218.8946912	315.0124434	316.0526433	
1492	850.245	27.62	23.98	3.25	218.8485374	315.053934	316.0956446	0.541037704
1494	850.04	27.59	23.98	3.2	218.6946912	315.0442356	316.0844872	-0.252958721
1495	849.99	27.5	23.98	3.2	219.0946912	314.9552534	315.9902289	
1496	849.91	27.55	23.99	3.2	219.0946912	315.0161123	316.0546229	
1497	849.82	27.59	23.96	3.2	219.3946912	315.0675591	316.1072989	
1498	849.705	27.525	23.96	3.15	219.0962785	315.0116549	316.0477108	-0.72922062
1500	849.51	27.55	23.96	3.1	219.2946912	315.0585271	316.0963848	1.222712026
1501	849.395	27.48	23.96	3.05	218.7471502	314.997381	316.031264	-0.797717337
1503	849.19	27.5	23.96	3	218.6946912	315.0400843	316.0754848	1.114147178
1504	849.125	27.53	23.955	3	218.1446912	315.0784181	316.1154908	
1505	849.01	27.5	23.95	3	218.3946912	315.0591854	316.0944439	
1506	848.92	27.51	23.95	3	217.9946912	315.0792175	316.1152154	
1507	848.79	27.55	23.96	3	218.3946912	315.1349385	316.1739604	
1508	848.76	27.5	23.94	3.1	218.8946912	315.0857234	316.1209527	-0.16050548
1509	848.62	27.48	23.945	3.05	220.0537079	315.0796277	316.1141112	-0.079524183
1510	848.54	27.5	23.94	3.1	221.2946912	315.1090851	316.1446693	0.384277581
1512	848.36	27.41	23.94	3.1	221.5946912	315.033871	316.064409	
1513	848.235	27.48	23.93	3.2	222.3946912	315.1205217	316.1549776	0.282613112
1515	848.03	27.46	23.93	3.2	223.5446912	315.1213409	316.1549404	
1516	847.99	27.46	23.91	3.2	223.7946912	315.125592	316.1583921	
1518	847.75	27.42	23.92	3.2	222.8946912	315.1091694	316.140418	
1519	847.64	27.37	23.91	3.2	221.6946912	315.0684435	316.0964826	
1520	847.59	27.42	23.92	3.1	221.4946912	315.1261805	316.1576864	0.188347798
1521	847.46	27.41	23.91	3.1	221.1946912	315.1295203	316.1602122	
1522	847.41	27.42	23.91	3	221.0946912	315.1453229	316.1766871	0.051550797
1523	847.32	27.33	23.9	3	221.2946912	315.0605289	316.0862924	
1524	847.19	27.33	23.9	2.9	220.3946912	315.074355	316.1003265	0.045116506
1525	847.12	27.37	23.9	2.9	219.9946912	315.1237447	316.1521878	
1526	846.97	27.37	23.9	2.9	219.2946912	315.1397051	316.168389	
1527	846.94	27.37	23.9	2.9	219.6946912	315.1428976	316.1716297	
1528	846.84	27.33	23.89	3	220.1946912	315.1115926	316.1376952	-0.102152868
1529	846.76	27.33	23.89	3	219.5946912	315.1201068	316.1463376	
1530	846.64	27.325	23.885	3	221.2446912	315.1276363	316.1535499	
1532	846.415	27.305	23.885	3.05	222.9881337	315.1306149	316.1557109	0.077764909
1534	846.24	27.305	23.875	3.1	225.0946912	315.1492521	316.174199	0.486565896
1535	846.11	27.28	23.87	3.1	226.4946912	315.1368757	316.1603453	
1536	846	27.28	23.86	3.1	227.2946912	315.148594	316.1718107	
1537	845.91	27.28	23.86	3.1	226.7946912	315.1581833	316.1815439	
1538	845.89	27.19	23.86	3.2	226.7946912	315.0659016	316.0840159	-0.301268934
1540	845.65	27.24	23.865	3.2	226.3446912	315.1439282	316.1655689	
1542	845.475	27.195	23.85	3.1	225.5946912	315.1153692	316.1340097	-0.186468287
1543	845.36	27.24	23.86	3.1	225.8946912	315.1748438	316.1967336	
1544	845.23	27.19	23.855	3	224.6446912	315.1362437	316.1551953	-0.126016469
1546	845.1	27.175	23.84	3	223.2946912	315.1343676	316.1520079	
1548	844.92	27.19	23.84	3	222.1946912	315.1693076	316.1881123	
1549	844.83	27.195	23.84	3	220.8946912	315.1841567	316.2033978	
1550	844.67	27.19	23.83	3	219.9946912	315.1959834	316.2147591	
1551	844.58	27.19	23.83	3.1	220.1946912	315.2055891	316.2245084	0.031359627
1552	844.47	27.19	23.83	3.2	220.9946912	315.2173313	316.236426	0.038334269
1553	844.44	27.11	23.83	3.2	220.7946912	315.1365704	316.1510371	
1554	844.35	27.15	23.84	3.3	220.9946912	315.1881601	316.2055323	0.168445566
1555	844.2	27.15	23.83	3.3	220.5946912	315.2041761	316.2213603	
1556	844.125	27.15	23.82	3.35	220.8976763	315.2121855	316.2290624	0.104607041
1558	843.98	27.06	23.82	3.4	221.5946912	315.133199	316.1450572	-2.063811245
1560	843.73	27.13	23.815	3.4	223.2946912	315.2333872	316.2495108	
1561	843.65	27.11	23.815	3.4	224.4446912	315.2209397	316.2360228	
1563	843.5	27.06	23.795	3.4	227.7446912	315.1844767	316.1960331	
1564	843.35	27.06	23.8	3.3	230.1946912	315.2005086	316.2125155	0.052361683
1566	843.19	27.06	23.8	3.25	230.3469989	315.2176135	316.2298741	0.446926171
1567	843.08	26.98	23.81	3.2	230.7946912	315.145373	316.1535835	-0.944023666
1569	842.915	27.02	23.8	3.3	230.3446912	315.2050185	316.2153885	0.389665886
1570	842.81	27.02	23.79	3.3	229.7946912	315.216249	316.2263608	
1571	842.67	27.02	23.79	3.4	228.4946912	315.2312258	316.2415594	0.048921992
1572	842.615	26.975	23.78	3.35	227.6902135	315.1898515	316.1972362	-0.540681342
1574	842.4	26.975	23.77	3.4	226.7446912	315.2128566	316.2201573	0.601262472
1575	842.3	26.95	23.77	3.4	226.2446912	315.1973012	316.2033118	
1576	842.18	26.93	23.76	3.4	225.4946912	315.1891384	316.1937582	
1578	842.02	26.98	23.76	3.4	224.5946912	315.2587867	316.266554	
1579	841.92	26.89	23.75	3.4	225.0946912	315.1749557	316.1772524	
1580	841.82	26.91	23.755	3.4	225.4946912	315.2066727	316.2104927	
1582	841.66	26.93	23.75	3.5	225.7946912	315.2448195	316.2498364	0.249288768
1583	841.57	26.93	23.75	3.5	226.1946912	315.2544611	316.2596201	
1584	841.48	26.89	23.75	3.5	226.4946912	315.2220801	316.2250694	
1585	841.355	26.89	23.745	3.45	227.4917926	315.2354735	316.2384485	0.175075911
1586	841.26	26.93	23.74	3.5	228.2946912	315.2876813	316.2929062	0.682354027
1587	841.13	26.8	23.75	3.5	228.6946912	315.1650227	316.1633771	
1589	840.99	26.89	23.73	3.5	228.5946912	315.2745968	316.277513	
1591	840.79	26.865	23.73	3.55	228.6468039	315.2697722	316.2715609	-0.126142358
1592	840.68	26.89	23.73	3.5	228.7946912	315.307842	316.3112469	0.49763779
1593	840.59	26.85	23.74	3.5	228.4946912	315.27546	316.2771207	
1594	840.49	26.83333333	23.72	3.5	227.8280245	315.2686718	316.2686859	
1597	840.23	26.8	23.73	3.5	227.4946912	315.2615349	316.2604605	
1598	840.145	26.8	23.715	3.5	227.4946912	315.2706569	316.2690845	
1599	839.99	26.8	23.71	3.6	227.0946912	315.287294	316.2857544	0.054385065
1601	839.83	26.8	23.71333333	3.6	226.3613575	315.304472	316.3033242	
1604	839.545	26.76	23.7	3.7	225.7946912	315.2930289	316.2894691	-0.112234408
1606	839.37	26.8	23.7	3.75	225.3426912	315.3538821	316.3528955	1.5913869
1607	839.24	26.72	23.7	3.8	224.3946912	315.28374	316.2783641	-0.917397372
1608	839.15	26.71	23.71	3.8	224.6946912	315.2828962	316.2775078	
1609	839.06	26.76	23.7	3.8	224.2946912	315.3451412	316.3423423	
1610	838.97	26.735	23.69	3.75	224.3426912	315.328528	316.3240151	-0.217274155
1611	838.84	26.71	23.68	3.8	224.1946912	315.3162152	316.3100533	-0.161046368
1613	838.71	26.695	23.685	3.8	224.1946912	315.3144186	316.3078112	
1615	838.52	26.71	23.68	3.8	224.4946912	315.3506256	316.3449648	
1616	838.44	26.695	23.68	3.8	224.9446912	315.3434555	316.3370609	
1617	838.34	26.67	23.68	3.8	225.1946912	315.3279199	316.3202514	
1618	838.25	26.67	23.67	3.8	225.7946912	315.3376023	316.3296554	
1619	838.12	26.67	23.67	3.8	225.4946912	315.3515903	316.3438466	
1620	838.07	26.67	23.67	3.9	225.7946912	315.356971	316.3493056	0.01759676
1621	837.9	26.65	23.665	3.9	225.4446912	315.3542309	316.3454786	
1623	837.735	26.585	23.665	3.9	225.0446912	315.3036172	316.2914148	
1624	837.62	26.59	23.66	3.9	224.9946912	315.3212576	316.3093104	
1626	837.45	26.61	23.655	3.95	225.2946912	315.3606038	316.3498526	1.029605864
1627	837.355	26.61	23.655	3.95	225.6465899	315.3708358	316.3602329	
1629	837.18	26.54	23.65	4	225.5946912	315.3160389	316.3015147	-1.434253317
1630	837.07	26.565	23.64	3.9	225.4946912	315.3541933	316.3408447	0.124821146
1632	836.92	26.54	23.64	3.9	225.4946912	315.3440515	316.3295148	
1634	836.69	26.52	23.635	3.9	225.6946912	315.3477947	316.3322712	
1635	836.595	26.5	23.63	3.9	225.8446912	315.3369891	316.3202702	
1636	836.46	26.5	23.63	3.9	225.8946912	315.3515437	316.3350343	
1637	836.41	26.46	23.63	3.9	225.8946912	315.3148384	316.2961399	
1638	836.28	26.46	23.63	3.9	226.2946912	315.3288561	316.3103591	
1640	836.1	26.46	23.62	3.9	226.4946912	315.3482699	316.3296365	
1641	836.06	26.46	23.61	3.9	226.7946912	315.3525848	316.3335979	
1642	835.97	26.42	23.61	3.9	227.0946912	315.3201913	316.2990822	
1643	835.88	26.5	23.61	3.9	227.1946912	315.4141095	316.3976685	
1644	835.7333333	26.44666667	23.61333333	3.9	227.1613578	315.3737976	316.3547009	
1646	835.55	26.46	23.6	3.9	226.8946912	315.4076232	316.3890114	
1648	835.36	26.46	23.6	4	227.1946912	315.4281388	316.4098218	0.134279251
1649	835.29	26.41	23.6	3.9	227.2946912	315.3830576	316.3620209	-0.147558212
1650	835.16	26.415	23.595	3.8	227.1446912	315.4023615	316.3816012	0.063183821
1652	834.98	26.37	23.6	3.8	226.1946912	315.3744239	316.3516089	
1653	834.89	26.42	23.59	3.9	225.9946912	315.4367949	316.4165279	0.204143737
1655	834.72	26.40333333	23.59	3.9	225.6280245	315.4376163	316.4166708	
1656	834.57	26.37	23.58	3.8	224.9946912	315.4187273	316.3957177	-0.061835116
1657	834.53	26.33	23.58	3.9	224.7946912	315.3809273	316.3557262	-0.1237587
1658	834.44	26.37	23.57	3.9	225.2946912	315.4327806	316.4095576	
1659	834.3	26.33	23.58	3.9	225.7946912	315.4057909	316.3809447	
1660	834.21	26.33	23.58	3.9	226.2946912	315.4155225	316.3908153	
1661	834.17	26.33	23.57	3.8	227.0946912	315.4198482	316.394789	0.014162202
1662	834.035	26.33	23.57	3.85	227.2959899	315.4344492	316.4095985	0.191217738
1663	833.92	26.29	23.565	4	227.1446912	315.4047567	316.3776273	-0.043212236
1665	833.72	26.29	23.57	4	227.4946912	315.4263941	316.3997794	
1666	833.63	26.29	23.56	4.1	226.9946912	315.4361332	316.4092442	0.03189027
1667	833.54	26.24	23.56	4	226.9946912	315.3932009	316.3636446	-0.140603999
1668	833.475	26.27	23.555	4.1	226.7946912	315.4318399	316.4038601	0.126530623
1669	833.36	26.25	23.56	4.1	226.8946912	315.4232177	316.394499	
1670	833.23	26.225	23.55	4.1	227.2446912	315.4109525	316.3806204	
1672	833.11	26.2	23.55	4.1	227.5946912	315.397605	316.3660577	
1673	833	26.2	23.54	4.1	227.5946912	315.4095161	316.3777264	
1674	832.91	26.2	23.54	4.1	227.4946912	315.419263	316.3876115	
1675	832.78	26.16	23.55	4.1	227.9946912	315.3911952	316.3579181	
1676	832.73	26.2	23.53	4.1	228.1946912	315.438761	316.4069743	
1677	832.64	26.2	23.53	4.1	228.1946912	315.448512	316.4168635	
1678	832.55	26.16	23.53	4.1	227.8946912	315.4161119	316.3823661	
1679	832.46	26.16	23.53	4.1	227.6946912	315.4258643	316.3922564	
1680	832.36	26.16	23.53	4.1	227.6946912	315.4367019	316.4032474	
1681	832.235	26.16	23.525	4.1	227.1446912	315.4502515	316.4167831	
1682	832.1	26.16	23.52	4.1	226.8946912	315.4648876	316.4314208	
1683	832	26.12	23.52	4.2	226.2946912	315.4335708	316.3980256	-0.102604172
1684	831.92	26.12	23.52	4.2	225.5946912	315.4422458	316.406823	
1685	831.83	26.12	23.51	4.2	225.5946912	315.4520064	316.4163112	
1686	831.74	26.12	23.51	4.2	225.0946912	315.4617683	316.4262109	
1687	831.7	26.08	23.52	4.2	225.2946912	315.4239427	316.3866285	
1688	831.56	26.08	23.51	4.2	225.7946912	315.4391296	316.40162	
1689	831.43	26.08	23.51	4.2	225.8946912	315.4532346	316.4159238	
1690	831.38	26.1	23.515	4.15	226.042884	315.479745	316.4438291	0.347449862
1691	831.28	26.03	23.51	4	225.2946912	315.4167997	316.3769388	-0.091685225
1692	831.19	26.04	23.5	4.1	224.5946912	315.4371101	316.3975331	0.066561363
1693	831.07	26.03	23.5	4.1	224.0946912	315.4395923	316.3996431	
1694	831	26.035	23.495	4.1	224.2946912	315.4524633	316.4126942	
1696	830.85	26.04	23.49	4.1	224.9946912	315.4740224	316.4345554	
1698	830.6366667	26.00666667	23.49	4.1	224.7377784	315.4620431	316.4210516	-9.95441E+26
1700	830.43	25.99	23.485	4.1	224.9946912	315.466918	316.4251134	
1702	830.23	25.95	23.48	4.2	225.0446912	315.4464644	316.402546	-0.134102051
1703	830.16	25.93	23.47	4.2	224.6446912	315.4329781	316.3876538	
1705	829.975	25.93	23.48	4.25	226.0005737	315.4530848	316.4084482	0.527344733
1706	829.85	25.95	23.47	4.3	226.8946912	315.4877697	316.4440219	0.454816137
1708	829.69	25.91	23.47	4.1	228.4446912	315.4629747	316.4172596	-0.040646803
1709	829.59	25.91	23.46	4.2	228.8946912	315.4738498	316.4278798	0.035655275
1710	829.47	25.89	23.465	4.4	228.4446912	315.4658037	316.4191155	-0.006595474
1712	829.3	25.87	23.46	4.4	228.6946912	315.4631974	316.4154613	
1713	829.21	25.85	23.46	4.25	228.9935147	315.4518891	316.4031877	-0.016481395
1716	828.925	25.87	23.45	4.2	229.2446912	315.504007	316.4564334	2.050779812
1717	828.82	25.87	23.45	4.2	228.4946912	315.5154378	316.4680234	
1718	828.75	25.85	23.45	4.1	226.6946912	315.5019558	316.4535456	-0.044211396
1720	828.565	25.83	23.44	4.15	224.6464984	315.500996	316.4513596	-0.025180281
1721	828.46	25.79	23.44	4	224.8946912	315.4702199	316.4185441	-0.04486408
1722	828.32	25.79	23.44	3.9	225.2946912	315.4854684	316.4340042	0.050014416
1723	828.285	25.77	23.44	4	225.8534413	315.4681741	316.4156651	-0.056728255
1724	828.16	25.79	23.43	4.2	225.9946912	315.5028993	316.4512723	0.028474277
1725	828.08	25.79	23.43	4.3	224.2946912	315.5116164	316.4601103	0.02859165
1726	828.03	25.79	23.43	4.2	225.3946912	315.5170652	316.4656346	0.017871585
1727	827.87	25.79	23.43	4.3	223.5946912	315.534504	316.4833154	0.057198399
1728	827.82	25.765	23.425	4.15	221.7031253	315.5135662	316.4608786	-0.03052474
1729	827.73	25.75	23.42	4.1	219.5946912	315.507544	316.4539678	-0.079020284
1730	827.6	25.75	23.43	4	219.0946912	315.5217174	316.4687416	0.046494277
1731	827.51	25.75	23.42	4.1	219.1946912	315.5315315	316.4782873	0.032193848
1732	827.435	25.7	23.42	4.2	220.0446912	315.4869274	316.4310587	-0.146342974
1733	827.28	25.7	23.42	4.3	221.6946912	315.5038317	316.4481965	0.055461803
1734	827.19	25.62	23.41	4.4	223.0946912	315.4291882	316.3689201	-0.244966
1735	827.13	25.66	23.41	4.4	222.5946912	315.4779633	316.4199656	
1736	827.04	25.66	23.41	4.5	223.2946912	315.4877816	316.4299192	0.032217372
1737	826.95	25.66	23.4	4.5	222.8946912	315.4976012	316.4394716	
1738	826.875	25.66	23.4	4.4	222.9946912	315.5057853	316.4477684	0.026855019
1739	826.77	25.62	23.4	4.4	222.4946912	315.4750081	316.4149682	
1740	826.68	25.62	23.4	4.4	222.6946912	315.4848305	316.4249257	
1741	826.59	25.62	23.4	4.4	223.0946912	315.4946543	316.4348846	
1743	826.41	25.62	23.4	4.5	224.2946912	315.5143061	316.4548066	0.128986792
1744	826.3	25.62	23.4	4.5	224.6946912	315.5263182	316.4669839	
1745	826.18	25.58	23.4	4.5	225.5946912	315.4971796	316.4358472	
1747	825.985	25.58	23.39	4.5	227.3946912	315.51848	316.4570388	
1748	825.89	25.54	23.39	4.6	228.6946912	315.48661	316.4231374	-0.104619337
1749	825.85	25.5	23.38	4.6	229.3946912	315.4487302	316.3827487	
1750	825.7	25.5	23.39	4.6	229.3946912	315.4651186	316.3997605	
1751	825.65	25.5	23.38	4.5	228.5946912	315.4705822	316.4048992	0.017937851
1752	825.52	25.5	23.38	4.6	228.2946912	315.4847897	316.4193008	0.046644952
1753	825.47	25.46	23.38	4.5	227.2946912	315.4479993	316.38042	-0.120803753
1754	825.38	25.5	23.37	4.4	226.0946912	315.5000932	316.4344137	0.171031172
1755	825.25	25.5	23.38	4.2	224.7946912	315.5143067	316.4492212	0.011666144
1756	825.15	25.46	23.375	4.15	223.8464984	315.482982	316.4156802	-0.411427385
1757	825.07	25.46	23.37	4.1	223.5946912	315.4917302	316.4243482	0.11490131
1758	825.01	25.46	23.37	4.1	224.6946912	315.4982922	316.4309996	
1759	824.875	25.46	23.37	4.1	226.9446912	315.513059	316.4459679	
1760	824.78	25.46	23.37	4.2	228.5946912	315.5234521	316.4565028	0.034126389
1761	824.69	25.46	23.36	4.2	227.8946912	315.5332997	316.4660854	
1762	824.6	25.46	23.36	4.2	227.6946912	315.5431488	316.4760688	
1764	824.4033333	25.40666667	23.36	4.133333333	225.8672669	315.5083141	316.4386455	-0.514811522
1766	824.21	25.4	23.35	4.05	225.3440739	315.522433	316.4522942	0.133544733
1767	824.08	25.42	23.36	4.3	225.8946912	315.5578055	316.4893386	0.018586183
1768	824.06	25.38	23.35	4.3	226.2946912	315.5177196	316.4467257	
1769	823.91	25.38	23.35	4.4	226.7446912	315.5341472	316.4633764	0.053955636
1770	823.88	25.34	23.34	4.4	225.8946912	315.4951543	316.4218768	
1771	823.71	25.38	23.34	4.4	225.7946912	315.5560566	316.4851853	
1772	823.62	25.34	23.34	4.4	225.1946912	315.5236354	316.4507439	
1773	823.53	25.34	23.34	4.4	224.9946912	315.5334969	316.460739	
1775	823.35	25.3	23.34	4.25	224.5993971	315.5109374	316.4362963	-0.065880494
1776	823.27	25.3	23.34	4.2	223.5946912	315.5197058	316.4451833	0.115228294
1778	823.12	25.3	23.34	4.2	222.8946912	315.5361492	316.4618492	
1779	823.005	25.3	23.33	4.1	222.1446912	315.5487585	316.4742325	0.041425705
1780	822.91	25.26	23.33	4	221.5946912	315.5168834	316.4403517	-0.104734262
1781	822.85	25.3	23.33	4	221.0946912	315.5657571	316.4914611	
1782	822.76	25.26	23.33	4	221.1946912	315.5333339	316.4570242	
1783	822.6133333	25.20666667	23.33	4.133333333	222.6664662	315.4930257	316.4140767	-0.074512853
1784	822.49	25.14	23.33	4.2	222.7946912	315.4360567	316.35373	-0.421339909
1785	822.43	25.22	23.32	4.1	222.7946912	315.5272384	316.4488787	0.299642262
1786	822.31	25.18	23.32	4.1	222.8946912	315.4981047	316.4177836	
1787	822.27	25.22	23.32	4	222.7946912	315.5447965	316.4666733	0.15343928
1788	822.18	25.14	23.31	4	222.6946912	315.4700673	316.3874098	
1790	821.98	25.155	23.315	4.15	222.5440888	315.5078834	316.4265172	0.110487744
1791	821.91	25.17	23.31	4.3	222.3946912	315.5314337	316.4507743	0.034401876
1792	821.775	25.15	23.31	4.35	222.1958406	315.5251026	316.4435748	-0.083240715
1793	821.71	25.14	23.31	4.4	222.1946912	315.5216631	316.4396978	-0.045222862
1794	821.62	25.14	23.31	4.3	221.1946912	315.5315475	316.4497148	0.032490898
1795	821.51	25.095	23.305	4.25	220.6935147	315.4960278	316.4117631	-0.46709673
1797	821.3	25.09	23.3	4.2	221.6946912	315.5138073	316.4293889	0.46762171
1798	821.235	25.11	23.3	4.3	223.9446912	315.542108	316.4588498	0.093036388
1799	821.08	25.09	23.3	4.5	226.2946912	315.5379831	316.4538882	-0.003390338
1800	821.01	25.04	23.3	4.45	225.8901967	315.4927757	316.4061261	-0.59460267
1802	820.85	25.06	23.3	4.5	224.5946912	315.5315241	316.4461718	1.019229767
1804	820.67	25.055	23.295	4.5	223.1946912	315.5460249	316.4604751	
1805	820.54	24.98	23.29	4.4	223.7946912	315.480957	316.3914241	-0.213998895
1806	820.465	25.015	23.29	4.35	224.7498637	315.5262427	316.4386742	0.59568311
1808	820.27	24.975	23.29	4.4	223.5446912	315.5053613	316.4159589	-0.549417121
1809	820.18	24.975	23.29	4.35	223.9406681	315.5152632	316.4259926	0.130265664
1811	820	24.94	23.28	4.4	223.0946912	315.4980252	316.4067759	-0.453606034
1813	819.81	24.98	23.285	4.4	221.4446912	315.5612748	316.4726154	
1814	819.745	24.96	23.285	4.35	220.7877944	315.5472609	316.4576377	-0.184370299
1815	819.585	24.975	23.28	4.4	220.6946912	315.5807558	316.4919658	0.440647076
1817	819.41	24.94	23.28	4.4	221.5946912	315.5629786	316.4725922	
1818	819.31	24.93	23.28	4.4	222.5946912	315.5634071	316.4726382	
1819	819.28	24.94	23.28	4.4	222.3946912	315.5772985	316.4871023	
1820	819.135	24.9	23.275	4.3	221.9446912	315.5509253	316.4586321	-0.086760709
1822	818.95	24.9	23.27	4.2	219.7692899	315.5713105	316.4790926	0.134123886
1824	818.81	24.86	23.27	4.2	220.2946912	315.5443876	316.4502641	
1826	818.61	24.86	23.27	4.25	221.0476324	315.5664342	316.4726026	0.580299056
1827	818.5	24.78	23.27	4.3	221.7946912	315.4938465	316.3959664	-0.955562557
1828	818.45	24.86	23.26	4.4	221.7946912	315.5840764	316.4900889	0.296872654
1829	818.27	24.78	23.26	4.4	221.5946912	315.5192062	316.4212726	
1830	818.23	24.78	23.26	4.4	221.3946912	315.5236176	316.4257421	
1831	818.14	24.78	23.26	4.25	220.0499854	315.5335441	316.4357994	0.014519424
1832	818.025	24.74	23.26	4.2	218.6946912	315.5038652	316.4041892	-0.390752048
1834	817.87	24.7	23.26	4.2	217.6946912	315.4785971	316.3770514	
1835	817.77	24.74	23.25	4.3	217.7446912	315.5319987	316.4323056	0.175771573
1837	817.6	24.7	23.25	4.4	218.8946912	315.5083896	316.4068487	-0.155439408
1838	817.48	24.72	23.25	4.4	218.7946912	315.5428217	316.4425016	
1839	817.36	24.74	23.25	4.4	219.5946912	315.5772575	316.4781598	
1841	817.185	24.72	23.25	4.4	220.1446912	315.5753955	316.4755036	
1842	817.13	24.68	23.245	4.4	220.3446912	315.5390917	316.4369925	
1844	816.9	24.62	23.24	4.4	220.0946912	315.5009248	316.3958331	
1845	816.77	24.66	23.24	4.4	219.2946912	315.5576696	316.4548534	
1847	816.6066667	24.63333333	23.24333333	4.266666667	216.1127528	315.547462	316.4436182	-0.037811819
1848	816.5	24.58	23.24	4.3	215.2946912	315.5027343	316.3961363	-1.325705707
1850	816.39	24.62	23.24	4.1	212.2946912	315.5572811	316.4529264	0.089806794
1851	816.2633333	24.56666667	23.24	4	211.1946912	315.5147633	316.4078128	-0.14002903
1853	816.08	24.56	23.24	4	211.3946912	315.5279682	316.4209352	
1855	815.8766667	24.51333333	23.23666667	4.1	211.7304635	315.5009927	316.3916995	-0.177714929
1856	815.82	24.54	23.24	4.2	211.7946912	315.5355254	316.4278271	0.113740819
1857	815.65	24.5	23.24	4.2	211.9946912	315.5119324	316.4024009	
1858	815.64	24.5	23.23	4.2	212.2946912	315.5130387	316.4031385	
1860	815.44	24.52	23.23	4.2	212.5446912	315.5563707	316.4477967	
1862	815.2433333	24.5	23.23	4.2	212.8280235	315.5569369	316.4476075	
1864	815.005	24.46	23.23	4.2	213.5946912	315.5409159	316.4298548	
1865	814.91	24.42	23.23	4.2	213.6946912	315.5090245	316.3960289	
1866	814.845	24.48	23.23	4.2	213.3446912	315.5798408	316.470047	
1867	814.73	24.39	23.23	4.2	213.3946912	315.4971483	316.3828602	
1868	814.64	24.46	23.23	4.2	213.2946912	315.5813436	316.4708074	
1870	814.5	24.42	23.225	4.2	212.6946912	315.5544388	316.4418407	
1871	814.4	24.39	23.22	4.2	212.5946912	315.5337057	316.4195091	
1872	814.28	24.42	23.23	4.2	214.0946912	315.5788196	316.4667286	
1873	814.24	24.35	23.22	4.3	215.3946912	315.5090159	316.3929841	-0.230060036
1874	814.15	24.35	23.22	4.3	216.2946912	315.5189906	316.4030875	
1875	814.005	24.39	23.22	4.4	216.1446912	315.5774888	316.4638587	0.192773395
1876	813.88	24.35	23.22	4.3	215.9946912	315.5489231	316.4334066	-0.094147137
1877	813.83	24.33	23.22	4.3	215.5946912	315.5332539	316.4167775	
1878	813.7	24.35	23.22	4.2	215.2946912	315.5688853	316.4536265	0.117434585
1879	813.65	24.27	23.22	4.2	215.1946912	315.4895709	316.3702637	
1881	813.475	24.31	23.22	4.15	215.5995105	315.5514128	316.4344137	1.630774418
1882	813.32	24.29	23.22	4.35	217.301588	315.5473935	316.4295861	-0.003312366
1884	813.2	24.27	23.22	4.5	218.5946912	315.5394916	316.4208266	-0.023155744
1885	813.11	24.31	23.22	4.5	219.5946912	315.5919182	316.4754415	
1886	812.965	24.27	23.215	4.55	220.4979879	315.5655755	316.4470563	-0.347376889
1888	812.84	24.19	23.21	4.6	220.8946912	315.4945692	316.3719324	-1.87319694
1889	812.71	24.19	23.21	4.5	220.5946912	315.5090017	316.3865498	0.047592389
1890	812.64	24.23	23.21	4.5	219.3946912	315.5592195	316.4389189	
1891	812.5	24.27	23.21	4.4	218.2946912	315.6172166	316.4991723	0.191199378
1892	812.41	24.19	23.21	4.3	217.1946912	315.5423187	316.4202939	-0.246982585
1893	812.36	24.19	23.21	4.25	215.5017503	315.5478731	316.4259194	0.073264266
1895	812.18	24.19	23.21	4.15	214.4946912	315.5678725	316.4461753	0.131899691
1896	812.04	24.12	23.21	4.1	215.1946912	315.5091367	316.3840555	-0.77492925
1897	811.96	24.15	23.21	4.1	216.4946912	315.5498686	316.4264353	
1898	811.885	24.15	23.21	4.15	216.5525228	315.5582052	316.4348786	0.109977629
1899	811.78	24.08	23.21	4.3	217.9946912	315.4955763	316.3688218	-0.09182258
1902	811.52	24.14	23.21	4.366666667	219.0611034	315.5881749	316.4648558	2.061474695
1904	811.305	24.115	23.21	4.3	218.0446912	315.5855509	316.4612584	-0.03894858
1905	811.2	24.12	23.21	4.2	216.9946912	315.6025414	316.4786541	0.056041
1906	811.1	24.08	23.21	4.1	216.6946912	315.571201	316.4454111	-0.103385977
1908	810.94	24.08	23.21	4.1	216.2946912	315.589007	316.4634443	
1909	810.83	24.04	23.21	4.1	216.0446912	315.5587788	316.431331	
1910	810.74	24.04	23.21	4.1	215.8946912	315.568797	316.4414768	
1911	810.65	24.04	23.21	4.1	215.8946912	315.5788166	316.4516241	
1912	810.56	24.04	23.21	4.1	215.5946912	315.5888377	316.4617729	
1914	810.38	24	23.21	4.1	214.9946912	315.566405	316.4375571	
1915	810.34	23.96	23.21	4.2	214.5946912	315.5283803	316.3975547	-0.125486987
1916	810.215	23.92	23.21	4.2	213.0446912	315.4998204	316.367141	
1917	810.09	23.96	23.2	4.2	212.1946912	315.5562263	316.4253794	
1918	810.02	23.93666667	23.2	4.066666667	211.4963302	315.5392426	316.4073098	-0.031529974
1919	809.88	23.92	23.2	4.1	212.1946912	315.537139	316.4045583	-0.062487293
1920	809.805	23.94	23.2	4.1	211.8995693	315.5667404	316.4352804	
1923	809.585	23.92	23.2	4.2	212.3946912	315.5700181	316.4378537	0.032455115
1924	809.46	23.89	23.2	4.2	212.4946912	315.5520849	316.4185758	
1925	809.37	23.87	23.2	4.25	212.3441029	315.5408731	316.4064781	-0.148045861
1926	809.28	23.89	23.2	4.3	212.2946912	315.5721562	316.4389011	0.413051297
1927	809.165	23.85	23.2	4.3	212.6946912	315.5424853	316.4073669	
1929	809.01	23.89	23.2	4.3	213.2946912	315.602274	316.4693999	
1930	808.895	23.81	23.2	4.3	213.6946912	315.5301028	316.3933426	
1931	808.83	23.81	23.2	4.3	213.3946912	315.537355	316.4006862	
1932	808.7	23.81	23.2	4.35	214.4464153	315.551861	316.415375	0.191584598
1933	808.6	23.85	23.2	4.4	214.6946912	315.6055273	316.471205	0.708687275
1934	808.55	23.75	23.2	4.4	215.0946912	315.5048425	316.3655408	
1936	808.36	23.75	23.2	4.4	215.5446912	315.5260499	316.3870145	
1938	808.1733333	23.73333333	23.2	4.433333333	215.7946912	315.5291778	316.3895648	0.185949488
1939	808.05	23.735	23.2	4.45	215.9946912	315.5447221	316.4053661	1.848147337
1941	807.86	23.73	23.2	4.4	216.0946912	315.5606306	316.4212892	0.42032611
1942	807.82	23.74	23.2	4.4	216.0946912	315.5757287	316.4369474	
1943	807.705	23.695	23.2	4.4	216.1946912	315.540744	316.3998584	
1944	807.615	23.7	23.2	4.4	216.2946912	315.5561158	316.4156078	
1946	807.42	23.66	23.2	4.4	216.5946912	315.5353863	316.3931409	
1947	807.29	23.7	23.2	4.4	216.7946912	315.5924431	316.4523909	
1948	807.23	23.7	23.2	4.5	216.8946912	315.5991517	316.4591837	0.022158871
1949	807.1	23.66	23.2	4.4	216.9946912	315.571161	316.4293635	-0.092466806
1950	807.05	23.62	23.2	4.4	217.2446912	315.5342233	316.390488	
1951	806.95	23.66	23.2	4.4	217.3946912	315.5879366	316.4463492	
1953	806.74	23.62	23.2	4.4	217.4946912	315.5688955	316.4255935	
1954	806.7	23.6	23.205	4.4	217.5446912	315.5521032	316.4080388	
1956	806.52	23.62	23.205	4.4	217.4446912	315.5935119	316.4507024	
1957	806.41	23.565	23.205	4.4	217.1946912	315.5473326	316.4019198	
1959	806.2	23.545	23.21	4.4	217.3446912	315.5495668	316.4036302	
1960	806.09	23.55	23.21	4.4	217.3946912	315.5671995	316.4216667	
1961	806.05	23.55	23.21	4.4	217.3946912	315.5716782	316.4262012	
1962	805.95	23.53666667	23.21	4.466666667	217.8297659	315.5686942	316.4226895	-0.022188772
1963	805.82	23.47	23.21	4.4	217.8946912	315.5123407	316.3631872	-0.419133643
1965	805.68	23.53	23.21	4.45	218.4486238	315.5918445	316.445883	2.102030527
1966	805.6	23.47	23.21	4.5	218.4946912	315.5369808	316.3881333	-0.725426859
1968	805.4	23.44	23.21	4.5	218.9946912	315.5274729	316.377408	
1969	805.295	23.475	23.21	4.5	219.2446912	315.5764746	316.4283011	
1970	805.23	23.47	23.21	4.5	219.2946912	315.5784406	316.4301081	
1971	805.09	23.44	23.21	4.5	219.2946912	315.5622154	316.4125814	
1972	805.03	23.455	23.21	4.45	219.5946912	315.5849015	316.436099	0.299979191
1973	804.95	23.47	23.21	4.5	219.3946912	315.6098318	316.4618894	0.329637359
1974	804.825	23.38	23.21	4.4	219.6946912	315.5280842	316.3758317	-0.270306277
1976	804.65	23.44	23.21	4.5	220.2446912	315.6115569	316.4625352	0.551909181
1977	804.565	23.42	23.21	4.5	220.8446912	315.5998093	316.4499087	
1979	804.41	23.32	23.21	4.5	221.0946912	315.510778	316.3561218	
1980	804.2866667	23.34666667	23.21	4.5	221.1280245	315.5529953	316.3998331	
1981	804.14	23.36	23.21	4.5	220.5946912	315.5836454	316.431349	
1983	804.04	23.36	23.21	4.5	220.1946912	315.5948703	316.4427128	
1984	803.91	23.36	23.21	4.5	219.8946912	315.6094654	316.4574884	
1986	803.76	23.305	23.21	4.4	220.2446912	315.5677637	316.4132634	-0.275850469
1987	803.62	23.32	23.21	4.45	220.645253	315.5994537	316.4458916	0.419227704
1988	803.51	23.25	23.21	4.5	220.7946912	315.5372902	316.3804114	-0.822558121
1989	803.46	23.32	23.22	4.5	220.6946912	315.6174269	316.4644515	
1990	803.365	23.27	23.215	4.5	220.7946912	315.5748697	316.4193633	
1991	803.245	23.29	23.22	4.5	220.9446912	315.6096458	316.4554792	
1993	803.08	23.25	23.22	4.5	220.7946912	315.5856009	316.4296799	
1994	802.97	23.23	23.22	4.5	220.9946912	315.5766692	316.4199103	
1997	802.735	23.18	23.22	4.45	221.045253	315.5498457	316.39094	-1.065052741
1998	802.6166667	23.2	23.22	4.5	221.5946918	315.5844487	316.4266943	0.457950058
2000	802.41	23.195	23.22	4.5	221.9446912	315.602368	316.4446519	
2002	802.25	23.12666667	23.22	4.466666667	221.6640944	315.5475907	316.386723	-3.263056594
2003	802.12	23.1	23.22	4.5	221.0946912	315.5338135	316.3718117	-0.410387235
2004	802.03	23.1	23.22	4.5	220.8946912	315.5439397	316.3820617	
2005	801.965	23.105	23.225	4.55	221.1463395	315.55658	316.395218	0.167339808
2007	801.79	23.105	23.23	4.55	221.2474385	315.5762758	316.4153354	
2008	801.71	23.1	23.23	4.5	220.6946912	315.5799558	316.4188792	0.048718811
2009	801.62	23.03	23.23	4.5	220.5946912	315.5155188	316.3511239	
2010	801.48	23.03	23.23	4.5	220.2946912	315.5312803	316.3670774	
2011	801.42	23.03	23.23	4.45	220.445253	315.5380363	316.3739157	0.089463034
2013	801.21	23.07	23.23	4.4	220.5946912	315.6043048	316.4424395	1.754818537
2014	801.165	23.03	23.23	4.45	220.5958148	315.5667564	316.402986	-0.49721618
2015	801.06	23.03	23.23	4.5	220.7946912	315.5785857	316.4149596	0.156644267
2017	800.88	22.98333333	23.23	4.6	221.3946912	315.5491429	316.3834736	-0.194971382
2018	800.81	22.96	23.24	4.5	221.3946912	315.5321675	316.3658096	-0.056210338
2020	800.62	22.975	23.235	4.6	221.4946912	315.5695667	316.4040249	0.247665475
2021	800.525	22.94	23.24	4.55	221.5452406	315.5429772	316.3760301	-0.352204444
2023	800.315	22.92	23.24	4.5	221.4446912	315.5453395	316.3777011	0.062585645
2024	800.25	22.88	23.24	4.5	221.6946912	315.5100372	316.3405327	
2025	800.16	22.92	23.24	4.6	221.5446912	315.5628199	316.3953937	0.174801735
2026	800.08	22.92	23.24	4.6	220.7946912	315.5718437	316.4045271	
2027	799.98	22.85	23.24	4.5	220.1946912	315.5085117	316.3379119	-0.209788009
2028	799.85	22.92	23.24	4.5	219.7946912	315.5977938	316.4307923	
2029	799.8	22.885	23.24	4.5	219.5446912	315.5661273	316.3974821	
2030	799.66	22.85	23.25	4.5	219.6946912	315.5446161	316.3748101	
2031	799.595	22.845	23.25	4.5	220.3446912	315.5466222	316.3766609	
2032	799.46	22.88	23.25	4.5	221.0946912	315.5991739	316.4311073	
2033	799.39	22.85	23.25	4.5	221.5946912	315.5750936	316.4056566	
2034	799.3	22.78	23.25	4.5	221.5946912	315.510624	316.3378974	
2035	799.19	22.78	23.25	4.5	221.4946912	315.5230435	316.3504667	
2036	799.1	22.78	23.25	4.5	221.1946912	315.5332064	316.3607522	
2037	798.995	22.83	23.25	4.5	220.6946912	315.5983792	316.4285056	
2038	798.97	22.78	23.25	4.5	220.4946912	315.5478889	316.3756119	
2039	798.83	22.74	23.25	4.5	219.9946912	315.5210504	316.3470183	
2040	798.79	22.74	23.26	4.5	219.6946912	315.5255691	316.3519468	
2041	798.65	22.76	23.26	4.5	219.6446912	315.5627151	316.3902565	
2042	798.57	22.7	23.26	4.5	219.5946912	315.5077694	316.3325032	
2043	798.47	22.74	23.26	4.5	219.4946912	315.5617292	316.3885426	
2044	798.385	22.72	23.26	4.5	219.3946912	315.550007	316.3759637	
2045	798.25	22.67	23.26	4.5	219.4946912	315.5119404	316.3356536	
2046	798.16	22.67	23.26	4.5	219.5946912	315.522115	316.3459504	
2047	798.11	22.67	23.27	4.5	219.7946912	315.5277682	316.3520257	
2049	797.92	22.67	23.265	4.5	220.1946912	315.5492544	316.3735931	
2050	797.84	22.63	23.27	4.5	220.4446912	315.5156343	316.3383195	
2051	797.75	22.63	23.27	4.5	220.1946912	315.5258142	316.3486216	
2052	797.64	22.65	23.27	4.45	220.0441294	315.5595944	316.3835205	0.447891055
2053	797.55	22.6	23.27	4.5	220.0946912	315.5164366	316.3380629	-0.572326319
2054	797.46	22.6	23.27	4.5	220.1946912	315.5266202	316.3483686	
2055	797.355	22.6	23.28	4.55	220.1430428	315.538503	316.360747	0.157581048
2056	797.29	22.6	23.28	4.5	220.1946912	315.5458601	316.3681922	0.097563105
2057	797.15	22.56	23.28	4.6	219.8946912	315.5190291	316.3396161	-0.088965023
2058	797.055	22.56	23.28	4.55	219.7946912	315.529784	316.3504997	0.142643263
2060	796.92	22.56	23.28	4.5	219.5946912	315.5450702	316.3659688	0.405482251
2061	796.7966667	22.52	23.28333333	4.5	219.5613579	315.5163534	316.3356043	
2063	796.65	22.52	23.29	4.5	220.0946912	315.5329654	316.3526494	
2064	796.53	22.56	23.29	4.55	221.2957901	315.5892491	316.4110293	0.746492453
2065	796.45	22.56	23.28	4.5	220.6946912	315.5983148	316.4198507	0.120238329
2066	796.35	22.49	23.29	4.6	220.9946912	315.5349381	316.3535802	-0.21019145
2068	796.14	22.45	23.29	4.6	221.2946912	315.5160444	316.3330428	
2069	796.11	22.47	23.29	4.6	220.9946912	315.5407925	316.3587949	
2070	796	22.49	23.29	4.6	221.3946912	315.5746115	316.3937272	
2071	795.87	22.49	23.29	4.5	221.1946912	315.5893531	316.4086447	0.048891066
2072	795.83	22.45	23.29	4.6	221.2946912	315.5511898	316.3686069	-0.126587185
2073	795.7	22.49	23.3	4.5	221.2946912	315.6086352	316.428509	0.190520035
2074	795.64	22.42	23.3	4.5	221.1946912	315.5407122	316.3572922	
2075	795.5	22.435	23.3	4.45	220.945253	315.5726077	316.390099	0.423209236
2076	795.41	22.45	23.3	4.4	220.6946912	315.5988343	316.4171703	0.347972945
2077	795.36	22.38	23.3	4.4	220.5946912	315.5297712	316.3448054	
2078	795.28	22.38	23.3	4.5	220.3946912	315.5388486	316.3539906	0.030116726
2079	795.165	22.365	23.305	4.45	220.5946912	315.535883	316.3506343	-0.039357809
2080	795.05	22.35	23.31	4.4	220.6946912	315.5329188	316.3472794	-0.039342873
2081	794.99	22.35	23.31	4.4	220.6946912	315.5397294	316.3541709	
2082	794.9	22.35	23.31	4.4	220.4946912	315.5499466	316.3645094	
2083	794.79	22.33	23.31	4.45	220.245253	315.5410784	316.3548292	-0.117711819
2084	794.69	22.31	23.31	4.4	219.9946912	315.5310753	316.3440016	-0.132782629
2085	794.63	22.33	23.315	4.45	220.6969384	315.5592482	316.3733892	0.373948396
2087	794.41	22.28	23.32	4.5	220.4946912	315.5308371	316.3430508	-0.754349593
2088	794.37	22.28	23.32	4.5	220.5946912	315.5353811	316.3476486	
2089	794.275	22.295	23.32	4.5	220.9446912	315.5621956	316.3753099	
2090	794.19	22.31	23.32	4.5	221.4946912	315.5878764	316.4018248	
2091	794.04	22.24	23.32	4.4	221.5946912	315.5301529	316.3409491	-0.191604144
2092	793.98	22.24	23.32	4.4	222.4946912	315.5369723	316.347849	
2093	793.86	22.2	23.33	4.4	223.3946912	315.5078826	316.3173558	
2094	793.77	22.24	23.33	4.4	223.5946912	315.5608448	316.3723515	
2095	793.68	22.2	23.33	4.3	223.2946912	315.5283456	316.3380601	-0.107890745
2096	793.59	22.21	23.33	4.4	222.7946912	315.5492629	316.3595761	0.069438702
2097	793.515	22.185	23.335	4.35	222.4946912	315.5310827	316.3404755	-0.241429965
2098	793.4	22.17	23.34	4.3	222.9946912	315.5281359	316.33714	-0.039135426
2099	793.36	22.2	23.34	4.3	223.0946912	315.5647389	316.3752302	
2100	793.27	22.17	23.33	4.3	222.3946912	315.5429236	316.3517553	
2101	793.13	22.17	23.335	4.35	222.7487142	315.5588523	316.3680452	0.211541889
2103	792.95	22.2	23.34	4.4	223.7946912	315.6113954	316.4224379	1.395460204
2104	792.87	22.15	23.34	4.5	225.0446912	315.567071	316.3758311	-0.147172892
2105	792.75	22.13	23.34	4.5	225.6946912	315.5593585	316.3673252	
2106	792.695	22.15	23.34	4.45	225.4475002	315.5869946	316.3959894	0.367046865
2107	792.59	22.1	23.35	4.4	224.4946912	315.5455137	316.3526105	-0.55101852
2109	792.44	22.1	23.35	4.25	223.051162	315.5625951	316.3698928	0.050423102
2111	792.25	22.06	23.35	4.2	221.6946912	315.5414827	316.3471299	-0.560977752
2112	792.145	22.06	23.35	4.2	221.5446912	315.5534443	316.3592319	
2113	792.05	22.03	23.35	4.2	221.7946912	315.5321998	316.336688	
2114	791.94	22.03	23.355	4.25	222.4982206	315.5447338	316.3495412	0.166536726
2115	791.83	22.1	23.36	4.4	222.9946912	315.6321024	316.440564	0.128952894
2116	791.76	22.01	23.365	4.4	223.7946912	315.5438676	316.3483094	
2118	791.595	21.99	23.365	4.5	224.3946912	315.5412945	316.3450067	-0.0170964
2119	791.48	22.03	23.37	4.5	225.2946912	315.5971729	316.4031126	
2120	791.39	21.96	23.37	4.4	224.9946912	315.532593	316.3353271	-0.214566208
2121	791.34	21.96	23.37	4.4	225.3946912	315.5382948	316.3410955	
2122	791.22	21.99	23.37	4.3	224.0946912	315.5840589	316.3884441	0.152035682
2124	791.06	21.96	23.375	4.25	221.9523386	315.5702331	316.3735792	-0.367490101
2125	790.955	21.92	23.375	4.05	219.1020989	315.5394389	316.3410284	-0.025581853
2126	790.8433333	21.92	23.38333333	4	217.4946912	315.5521806	316.3542048	0.169360529
2128	790.7	21.89	23.39	4	217.4946912	315.5364551	316.3374776	
2129	790.61	21.89	23.39	4.05	216.8416047	315.5467276	316.34787	0.136554335
2131	790.38	21.905	23.39	4.1	215.9946912	315.5890304	316.3911901	1.124615244
2132	790.3	21.86	23.39	4.1	215.8946912	315.5500336	316.350169	
2133	790.22	21.835	23.4	4.1	215.6446912	315.5324282	316.3318298	
2134	790.11	21.82	23.4	4.1	215.3946912	315.5289458	316.327785	
2135	790.01	21.86	23.4	4.1	215.1946912	315.5831576	316.3840213	
2136	789.9333333	21.82	23.40333333	4.1	214.7946912	315.5491265	316.3483143	
2137	789.83	21.84	23.41	4.1	214.0946912	315.582329	316.382828	
2139	789.71	21.79	23.4	4.1	213.5946912	315.5425505	316.3405048	
2140	789.56	21.8	23.41333333	4.1	213.4946912	315.5703932	316.3694739	
2142	789.37	21.785	23.42	4.2	213.8446912	315.5760653	316.3749175	0.037713606
2143	789.33	21.75	23.42	4.2	213.6946912	315.5431889	316.3404423	
2144	789.2	21.75	23.42	4.2	213.7946912	315.5580536	316.3554796	
2145	789.125	21.735	23.43	4.25	213.5935147	315.5505795	316.347738	-0.099406131
2146	789.005	21.75	23.43	4.3	213.4446912	315.5803566	316.3783822	0.396017551
2147	788.92	21.72	23.44	4.3	213.5946912	315.5579758	316.3550393	
2148	788.83	21.72	23.44	4.3	213.8946912	315.5682722	316.3654553	
2149	788.73	21.72	23.44	4.3	213.9946912	315.5797144	316.3770304	
2150	788.7	21.68	23.45	4.3	214.8946912	315.5403377	316.336148	
2152	788.54	21.72	23.455	4.4	216.4446912	315.6014599	316.3995387	0.406486697
2153	788.39	21.68	23.465	4.55	219.5067806	315.5758175	316.3725484	-0.037901148
2154	788.32	21.68	23.46	4.5	219.6946912	315.5838315	316.3804856	0.106607039
2155	788.2	21.68	23.46	4.6	221.8946912	315.597572	316.3943855	0.045696025
2156	788.12	21.665	23.47	4.5	223.3946912	315.5906766	316.3872288	-0.022932606
2157	788.05	21.65	23.48	4.5	224.4946912	315.5826364	316.3789138	
2158	787.91	21.61	23.47	4.5	224.7946912	315.5558506	316.3500921	
2160	787.77	21.61	23.47	4.5	225.2946912	315.5718883	316.3663154	
2161	787.72	21.61	23.46	4.5	225.2946912	315.577617	316.3717718	
2162	787.59	21.65	23.47	4.5	224.2946912	315.6353407	316.4318901	
2163	787.52	21.58	23.465	4.35	221.1130868	315.5684152	316.3615944	-0.098953884
2164	787.41	21.58	23.47	4.4	221.0946912	315.5810227	316.3745166	0.167769131
2165	787.3	21.58	23.47	4.2	217.9946912	315.5936325	316.3872721	0.010487486
2166	787.18	21.55	23.47	4.15	216.8489081	315.5752661	316.3676559	-0.24442795
2167	787.12	21.54	23.48	4.1	216.7946912	315.5714372	316.3637747	-0.050958791
2168	787	21.55	23.47	4.2	217.3946912	315.5959072	316.3885352	0.081414347
2169	786.95	21.53	23.48	4.2	218.2946912	315.5802232	316.3723164	
2170	786.9	21.51	23.48	4.3	219.3946912	315.5645392	316.3557609	-0.052189411
2171	786.8	21.51	23.49	4.3	219.8946912	315.5760094	316.3677002	
2172	786.64	21.48	23.49	4.4	220.2946912	315.5622342	316.3527307	-0.04584253
2173	786.63	21.48	23.495	4.35	220.3946912	315.5633815	316.3540595	0.01527248
2174	786.49	21.51	23.5	4.4	220.3946912	315.6115789	316.404017	0.641519706
2175	786.4	21.48	23.5	4.4	220.3946912	315.5897747	316.3809249	
2176	786.29	21.44	23.51	4.4	220.6946912	315.5595538	316.3493123	
2177	786.21	21.44	23.51	4.35	221.2923923	315.5687367	316.3586009	0.122256775
2179	786.08	21.425	23.51	4.3	221.1946912	315.5675927	316.3569266	-0.030464693
2181	785.885	21.425	23.52	4.3	220.4946912	315.5899848	316.379912	
2183	785.68	21.37333333	23.52	4.2	220.0280245	315.5581764	316.3459585	-0.211787798
2184	785.62	21.38	23.53	4.2	219.7946912	315.5722116	316.3607193	
2185	785.49	21.34	23.53	4.2	219.1946912	315.5442881	316.3310995	
2186	785.4	21.34	23.53666667	4.2	218.6280243	315.5546291	316.3417819	
2189	785.13	21.31	23.54333333	4.2	218.4280246	315.5535121	316.3398438	
2191	784.97	21.31	23.55	4.2	218.7946912	315.5719059	316.3586709	
2192	784.88	21.29	23.55	4.25	218.4429265	315.56082	316.3467709	-0.147667057
2193	784.77	21.27	23.56	4.3	217.5446912	315.5520342	316.3375314	-0.117037151
2195	784.565	21.24	23.565	4.2	216.8946912	315.5434573	316.3279938	-0.057132781
2197	784.4	21.225	23.575	4.2	216.0946912	315.5463606	316.3307487	
2198	784.3	21.225	23.575	4.25	215.6982206	315.5578663	316.3423858	0.153292609
2199	784.24	21.21	23.585	4.2	215.4446912	315.5486912	316.3329242	-0.12224735
2201	784.06	21.21	23.58	4.2	215.5446912	315.5694079	316.3537111	
2202	783.92	21.17	23.59	4.2	215.6946912	315.5426408	316.3256004	
2203	783.85	21.17	23.59	4.25	216.0958677	315.5506997	316.3337512	0.10739036
2204	783.75	21.14	23.6	4.3	216.1946912	315.5300488	316.3121698	-0.275215024
2205	783.64	21.14	23.61	4.3	215.9946912	315.5427154	316.3253121	
2206	783.61	21.14	23.6	4.2	215.7946912	315.5461703	316.328475	0.011510965
2207	783.485	21.11	23.605	4.2	215.2946912	315.5283995	316.3096415	
2208	783.37	21.11	23.61	4.2	214.5946912	315.5416462	316.3232045	
2209	783.315	21.105	23.62	4.2	214.0446912	315.5426209	316.3243502	
2210	783.22	21.11	23.62	4.2	213.7946912	315.5589285	316.3410145	
2211	783.1	21.07	23.62	4.2	213.6946912	315.5298602	316.3102484	
2212	783.06	21.07	23.62	4.2	213.5946912	315.5344698	316.3149103	
2213	782.99	21.07	23.63	4.3	213.2946912	315.5425374	316.3234	0.026885385
2214	782.88	21.07	23.63	4.3	213.6446912	315.5552168	316.3362236	
2216	782.6833333	21.05	23.63333333	4.3	213.9613579	315.5564402	316.3368876	
2217	782.6	21	23.65	4.3	213.9946912	315.5124184	316.2912095	
2218	782.49	21	23.65	4.3	214.1946912	315.5251029	316.3040379	
2219	782.385	20.985	23.65	4.3	214.3446912	315.5211223	316.2995008	
2221	782.2366667	20.99	23.66	4.3	214.5946912	315.5435968	316.3227297	
2223	782.08	20.97	23.66	4.3	214.9946912	315.540217	316.3186296	
2224	781.96	20.97	23.66	4.35	214.7935418	315.5540653	316.3326348	0.184662775
2225	781.84	20.97	23.67	4.3	214.5946912	315.5679161	316.3469718	0.184696944
2226	781.785	20.94	23.67	4.35	214.6441165	315.5420771	316.3198174	-0.344590694
2227	781.66	20.94	23.67	4.3	214.3946912	315.5565079	316.3344115	0.192449723
2228	781.58	20.94	23.68	4.3	214.2946912	315.5657452	316.3440821	
2229	781.5	20.925	23.68	4.4	214.2946912	315.5588877	316.3366358	-0.022863915
2231	781.35	20.9	23.68	4.4	214.4946912	315.5493845	316.3261739	
2232	781.2433333	20.90666667	23.68333333	4.3	214.3280245	315.5688602	316.3462061	0.064939564
2233	781.12	20.87	23.69	4.3	214.0946912	315.5437588	316.3197918	
2234	781.03	20.87	23.7	4.3	214.1946912	315.5541575	316.3306357	
2235	780.93	20.855	23.7	4.35	214.3958406	315.5496144	316.325531	-0.060605652
2236	780.84	20.87	23.71	4.4	214.5946912	315.5761156	316.3531696	0.353505942
2237	780.75	20.81	23.72	4.4	214.5946912	315.5221181	316.2968494	
2238	780.685	20.82	23.705	4.35	214.6946912	315.5403653	316.3151518	0.243444084
2239	780.57	20.84	23.72	4.4	214.4946912	315.5751283	316.3514776	0.46375933
2240	780.52	20.8	23.72	4.4	214.8946912	315.5379722	316.3125427	
2241	780.43	20.81	23.72	4.4	214.8946912	315.5591136	316.3342621	
2242	780.32	20.79666667	23.72333333	4.4	214.8613579	315.5575217	316.3323082	
2244	780.19	20.77	23.74	4.4	214.9946912	315.5439301	316.3182018	
2245	780.055	20.77	23.745	4.35	214.8452659	315.5595475	316.3341583	0.20839434
2247	779.885	20.74	23.745	4.3	214.6446912	315.547008	316.3204593	-0.334681748
2248	779.83	20.74	23.75	4.3	214.6946912	315.5533728	316.3270586	
2249	779.715	20.725	23.75	4.3	214.7946912	315.5505763	316.3237219	
2250	779.6	20.71	23.76	4.3	214.9446912	315.5477812	316.3207121	
2251	779.51	20.67	23.77	4.3	214.9946912	315.5152469	316.286782	
2252	779.4	20.71	23.77	4.3	214.9946912	315.5709371	316.3444539	
2253	779.37	20.67	23.77	4.3	215.0946912	315.5314554	316.3031725	
2254	779.26	20.675	23.785	4.3	215.3446912	315.5495629	316.32214	
2256	779.07	20.655	23.785	4.3	215.2946912	315.5500902	316.3219956	
2257	779.01	20.64	23.79	4.3	215.1946912	315.5409305	316.3123873	
2258	778.89	20.625	23.795	4.3	215.3946912	315.5387223	316.3098087	
2259	778.78	20.61	23.8	4.3	215.9446912	315.5353562	316.3060593	
2260	778.69	20.61	23.8	4.3	215.9946912	315.545786	316.316606	
2261	778.59	20.61	23.81	4.2	215.7946912	315.5573764	316.3286503	0.038686045
2262	778.5	20.595	23.805	4.2	215.7946912	315.5516958	316.3222366	
2264	778.32	20.58	23.81	4.2	215.7946912	315.5564509	316.3266994	
2265	778.27	20.58	23.82	4.2	215.5946912	315.5622488	316.3328859	
2266	778.14	20.54	23.82	4.2	215.3946912	315.5343505	316.3033231	
2267	778.04	20.54	23.83	4.2	214.9946912	315.5459487	316.315374	
2268	777.945	20.54	23.84	4.2	214.4946912	315.5569688	316.3268403	
2270	777.825	20.525	23.84	4.2	213.7446912	315.5547737	316.3241138	
2271	777.71	20.51	23.85	4.2	213.7946912	315.5519999	316.3211247	
2272	777.6	20.51	23.85	4.2	213.8446912	315.5647659	316.3340335	
2273	777.54	20.51	23.86	4.2	213.5946912	315.57173	316.3413982	
2274	777.45	20.51	23.86	4.15	213.3452936	315.5821776	316.3519628	0.13953355
2275	777.36	20.48	23.86	4.1	213.1946912	315.5603862	316.3289139	-0.291067175
2276	777.27	20.48	23.87	4.1	212.8946912	315.5708358	316.3398025	
2277	777.13	20.48	23.86	4.1	212.4946912	315.5870939	316.3559203	
2278	777.09	20.48	23.86	4.1	212.0946912	315.5917397	316.3606181	
2279	776.95	20.44	23.855	4.1	211.8446912	315.5650087	316.3320778	
2280	776.92	20.48	23.86	4.1	212.0946912	315.6114881	316.3805873	
2281	776.825	20.445	23.865	4.1	211.7446912	315.5849049	316.3526864	
2282	776.71	20.44	23.86	4.1	211.9946912	315.592893	316.3604341	
2283	776.62	20.45	23.86	4.1	212.2946912	315.6141022	316.3822176	
2284	776.52	20.41	23.87	4.1	212.3946912	315.5827253	316.349463	
2285	776.44	20.38	23.86	4	212.3946912	315.559773	316.324924	-0.076669319
2286	776.37	20.395	23.87	4	212.3946912	315.5840363	316.3502833	
2287	776.245	20.365	23.89	3.95	212.0478558	315.5663156	316.3319966	-0.236786035
2288	776.166	20.386	23.884	3.98	212.6343905	315.5980798	316.3646295	1.178909071
