ALT	PRESS	TEMP	RH	SPEED	DIR	POTT	VIRPOT	Ri
1309	868.09	16.65	27.215	1.25	134.9066913	301.7649962	302.3676468	
1310	867.9928571	16.66357143	27.22285714	1.157142857	136.7341754	301.788787	302.3921963	0.093347945
1311	867.9033333	16.69666667	27.21166667	1.116666667	137.0260028	301.8321538	302.4366087	0.895435048
1312	867.775	16.805	27.265	1.3	146.1871203	301.9577368	302.5674861	0.126346061
1314	867.595	17.045	27.25	2.05	156.1801038	302.2256036	302.8441107	0.032179631
1316	867.4	17.26	27.19	2.4	160.0946912	302.4689602	303.0943699	0.134143652
1317	867.32	17.41	27.19	2.6	160.7946912	302.6331718	303.2643537	0.138532894
1318	867.195	17.805	27.1	3.25	160.3023835	303.0570789	303.7014702	0.033811412
1319	867.12	17.86	27.09	3.5	159.3946912	303.1218625	303.7682281	0.034923902
1320	867.01	18.11	26.99	4	159.5946912	303.3932755	304.0471328	0.036547283
1321	866.92	18.2	26.92	4.2	159.6946912	303.4960353	304.151827	0.08645572
1322	866.78	18.33	26.83	4.2	158.3946912	303.64548	304.3043476	
1324	866.615	18.45	26.745	4.4	156.8412821	303.7870287	304.4487267	0.23797648
1326	866.39	18.63	26.59666667	4.7	153.7280273	303.9971269	304.662531	0.156891786
1328	866.16	18.75	26.46	4.85	150.1348965	304.1452452	304.8122446	0.442250226
1330	865.9466667	19.02	26.34	5.3	145.777055	304.4480193	305.123042	0.100353879
1332	865.78	19.44	26.26	5.9	144.0946912	304.9024541	305.592721	0.084603036
1334	865.59	19.975	26.195	6.35	143.5482345	305.4791428	306.1902371	0.190519934
1335	865.47	20.845	26.04	6.85	142.1888514	306.3979595	307.1424938	0.122573441
1336	865.35	21.22	25.89	6.9	140.4946912	306.8009455	307.557956	5.369132905
1337	865.22	21.46	25.81	7	140.0946912	307.0642742	307.8298842	0.876392718
1338	865.13	21.57	25.7	7.1	140.1946912	307.1880634	307.955486	0.411833008
1339	865.04	21.75	25.62	7.2	140.9946912	307.3848242	308.1581369	0.654201966
1341	864.88	21.935	25.505	7.3	139.1446912	307.5939284	308.3724053	1.389613213
1342	864.79	22.19	25.41	7.5	139.6946912	307.8689015	308.6563261	0.228221447
1343	864.64	22.23	25.33	7.4	139.4946912	307.9258747	308.71285	0.189120363
1344	864.58	22.23	25.28	7.4	138.9946912	307.9319862	308.7174796	
1345	864.47	22.27	25.215	7.55	139.2960157	307.9848933	308.7703449	0.07804413
1346	864.41	22.31	25.16	7.3	137.7946912	308.0327093	308.8183662	0.025388849
1347	864.27	22.38	25.14	7.6	135.7946912	308.1199612	308.9084006	0.032164673
1348	864.155	22.645	25.095	7.75	130.9875935	308.4079877	309.2075106	0.424334201
1349	864.06	22.83	25.06	7.7	127.5946912	308.6105796	309.417823	2.684532416
1351	863.89	22.91	25.035	7.8	126.5934091	308.7113658	309.5218074	0.667575589
1352	863.77	22.91	25.01	7.9	126.7946912	308.7236311	309.5334111	0.040620417
1353	863.67	22.99	25	8	128.0946912	308.8172785	309.6306651	0.310061682
1354	863.62	22.99	24.99	8.1	128.6946912	308.8223919	309.635515	0.01693004
1355	863.51	23.06	24.98	8.2	129.5946912	308.9066431	309.7229197	0.278885157
1356	863.35	23.1	24.98	8.1	130.6946912	308.9647317	309.7831234	0.192256812
1358	863.185	23.1	24.97	8.1	133.8946912	308.9816215	309.7998911	
1359	863.09	23.1	24.97	8.1	135.5946912	308.9913478	309.8097357	
1361	862.91	23.14	24.97	8.2	136.8946912	309.0515033	309.8720365	0.398141301
1362	862.815	23.14	24.96	8.45	137.9940995	309.0612349	309.8815582	0.005152737
1363	862.68	23.22	24.96	8.5	136.6946912	309.1585185	309.9828646	1.287403014
1364	862.6	23.26	24.96	8.5	135.7946912	309.2084456	310.0348256	
1365	862.47	23.3	24.96	8.6	133.3946912	309.2635034	310.0919852	0.182102829
1366	862.365	23.355	24.97	8.5	131.3535152	309.3316517	310.1632711	0.225357786
1368	862.23	23.41	24.97	8.4	129.2946912	309.4028844	310.2373563	0.471026838
1369	862.08	23.51	24.975	8.4	128.8446912	309.5226163	310.3623441	
1370	861.96	23.73	24.99	8.3	127.8946912	309.7644875	310.6157494	0.798826947
1371	861.91	23.85	25	8.3	127.8946912	309.8948367	310.7524936	
1373	861.69	24.01	25.02	8.25	129.0419639	310.0844228	310.9511087	5.004444108
1375	861.49	24.15	25.05	7.95	129.9462635	310.2511077	311.1262131	0.122162787
1377	861.31	24.29	25.1	7.7	129.1946912	310.4157571	311.300035	0.173684333
1378	861.19	24.58	25.145	7.45	128.3470402	310.7307901	311.6318998	0.165998321
1379	861.14	24.79	25.2	7.2	127.7946912	310.9551238	311.8693676	0.118123446
1381	860.92	24.89	25.265	7.25	127.7484844	311.0822236	312.0044761	3.345114267
1382	860.8	25.015	25.345	7.3	129.2946912	311.2251014	312.1571843	1.879398002
1383	860.7	25.08	25.4	7.4	129.8946912	311.3032917	312.241071	0.257070217
1384	860.62	25.12	25.43	7.4	129.5946912	311.3533221	312.2945057	
1385	860.46	25.25	25.56	7.3	127.9946912	311.5055886	312.4589762	0.500329638
1386	860.425	25.205	25.515	7.45	129.0926777	311.4622357	312.4115157	-0.063321781
1388	860.21	25.31	25.625	7.35	126.6946912	311.5941183	312.5536279	0.866527416
1389	860.15	25.33	25.66	7.3	127.7946912	311.6212151	312.583238	0.35605152
1390	860.04	25.29	25.71	7.6	128.4946912	311.590851	312.5526784	-0.011084395
1392	859.86	25.31	25.73	7.7	129.9446912	311.6303871	312.5943452	0.259770169
1393	859.725	25.29	25.765	7.7	131.7446912	311.6234982	312.5878486	
1395	859.54	25.33	25.82	7.65	134.2410963	311.6844486	312.6533755	1.601777576
1396	859.39	25.29	25.86	7.5	135.9946912	311.6582349	312.6266383	-0.038277098
1398	859.27	25.29	25.87	7.5	136.1946912	311.6706822	312.6396383	
1399	859.155	25.29	25.885	7.45	136.7893217	311.682613	312.6523019	0.156791696
1401	858.96	25.33	25.91	7.5	139.5946912	311.7446257	312.7177952	1.629693513
1402	858.845	25.31	25.92	7.5	141.6446912	311.7356743	312.7082631	
1404	858.66	25.33	25.95	7.6	142.7946912	311.7757723	312.7508929	0.263444024
1405	858.58	25.29	25.95	7.4	142.3946912	311.7422975	312.7152794	-0.027494861
1406	858.4333333	25.31666667	25.96666667	7.2	141.1613579	311.7853866	312.7607191	0.035388549
1407	858.32	25.29	25.99	7	141.5946912	311.7693022	312.7441728	-0.013211141
1408	858.28	25.29	26	7	140.8946912	311.7734577	312.7487633	
1410	858.01	25.29	26	6.9	140.6946912	311.8015138	312.7772239	0.184353568
1411	857.96	25.29	26.01	6.9	140.5946912	311.8067106	312.7828709	
1412	857.86	25.29	26	7.1	142.3538465	311.8171055	312.7930404	0.00853792
1413	857.74	25.29	26.01	7.2	143.2946912	311.8295813	312.8060715	0.040988547
1415	857.57	25.29	26.03	7.3	143.1946912	311.8472592	312.8247556	0.116159758
1416	857.51	25.29	26.04	7.25	143.2443464	311.8534996	312.8314617	0.082009264
1417	857.33	25.27	26.055	7.05	144.4925635	311.8513239	312.8289858	-0.001787181
1419	857.14	25.29	26.06	7	144.6946912	311.8919942	312.8712641	1.068959769
1420	857.1	25.29	26.07	7.1	145.6946912	311.896157	312.875863	0.013676824
1421	856.96	25.265	26.075	7.2	146.0446912	311.8846004	312.8632858	-0.037971725
1423	856.76	25.25	26.07	7.1	146.9946912	311.8897431	312.8676909	0.033796635
1425	856.62	25.27	26.075	7.15	147.9429429	311.9252257	312.9047068	0.932669681
1426	856.48	25.2	26.08	7	148.1946912	311.8666359	312.8425464	-0.085578446
1428	856.34	25.2	26.07	7.1	147.9946912	311.881217	312.8569635	0.095839839
1429	856.195	25.22	26.07	7.1	149.1446912	311.9172306	312.8943275	
1431	856.015	25.2	26.06	7	152.2075494	311.9150779	312.890938	-0.014149105
1433	855.815	25.16	26.05	7.1	151.0665275	311.8941022	312.8676268	-0.137889155
1434	855.74	25.16	26.06	7.1	151.3946912	311.9019198	312.8759306	
1435	855.59	25.16	26.055	6.65	145.7879237	311.9175579	312.8916068	0.002538285
1436	855.47	25.16	26.05	6.8	145.0946912	311.9300708	312.9041128	0.018279357
1437	855.39	25.16	26.05	6.9	143.7946912	311.9384141	312.9125761	0.027423158
1439	855.23	25.12	26.04	6.9	142.1446912	311.9132739	312.8850442	
1440	855.1	25.12	26.04	6.8	136.9946912	311.9268352	312.8988002	0.044580363
1441	855.01	25.14	26.055	6.7	137.8946912	311.9571419	312.9309309	0.099620677
1442	854.97	25.12	26.06	6.8	135.3946912	311.9403992	312.9133055	-0.055038248
1443	854.8	25.12	26.06	6.8	134.4946912	311.9581408	312.931302	
1444	854.71	25.12	26.05	6.8	133.7946912	311.9675352	312.940458	
1445	854.65	25.12	26.07	6.9	133.6946912	311.9737988	312.9475587	0.02059058
1446	854.54	25.12	26.06	7	133.8946912	311.9852837	312.9588351	0.037754226
1447	854.435	25.1	26.05	7.25	135.347105	311.9753277	312.9475341	-0.005236897
1448	854.36	25.12	26.03	7.4	136.8946912	312.0040811	312.9767817	0.042009571
1450	854.18	25.08	26.02	7.5	137.4946912	311.9810393	312.9513812	-0.15151156
1451	854.07	25.08	26.01	7.45	136.4967046	311.9925308	312.9626643	0.151124699
1452	853.95	25.08	26.01	7.4	134.5946912	312.005069	312.9753821	0.164889911
1453	853.83	25.055	26	7.55	133.8893928	311.9914537	312.9601667	-0.019896613
1454	853.78	25.03	26.01	7.5	131.7946912	311.970523	312.9382779	-0.275307078
1455	853.68	25.03	26.01	7.3	132.9946912	311.9809742	312.9488784	0.008591686
1456	853.61	25.08	26.01	7.3	133.6946912	312.0406064	313.0114287	
1457	853.435	25.035	26.015	7.4	134.8446912	312.0118181	312.9805557	-0.094662992
1458	853.36	25.03	26.03	7.3	134.7946912	312.0144286	312.9835557	0.00858408
1460	853.21	25.03	26.01	7.3	136.6946912	312.0301159	312.9987227	
1461	853.08	24.99	25.98	7.2	136.2946912	312.0018547	312.9672938	-0.092944005
1462	852.99	24.99	25.97	7.4	136.6946912	312.0112694	312.976471	0.00774062
1463	852.9	25.03	25.97	7.6	136.1946912	312.0625476	313.0301279	0.042154637
1464	852.78	24.95	25.97	7.4	136.3946912	311.9913779	312.9546525	-0.058522611
1465	852.72	25.04	25.96	7.5	135.9946912	312.0918521	313.0598906	0.330378655
1466	852.63	24.99	25.94	7.4	137.4946912	312.0489409	313.0135638	-0.141124197
1467	852.45	24.99	25.94	7.5	138.2946912	312.0677843	313.0326755	0.061971201
1469	852.34	24.95	25.95	7.4	138.9946912	312.037432	313.0006194	-0.199668313
1470	852.2	24.97	25.96	7.55	140.7483337	312.0730281	313.0379152	0.052032999
1471	852.1	25.03	25.94	7.7	142.8946912	312.1463124	313.1139706	0.107102771
1472	852.02	24.99	25.96	7.7	142.6946912	312.1128198	313.0790971	
1473	851.92	25.08	25.94	7.5	142.7946912	312.2175185	313.1882596	0.086055915
1474	851.86	25.12	25.96	7.4	143.0946912	312.2656847	313.2395224	0.158337104
1475	851.74	25.12	25.955	7.45	143.4436845	312.2782665	313.2520974	0.165441638
1476	851.63	25.08	25.97	7.3	143.2946912	312.2479216	313.2202214	-0.044340643
1477	851.55	25.035	25.975	7.3	143.5892116	312.2091944	313.1792644	-1.61429E+27
1478	851.41	24.99	25.97	7.3	142.7946912	312.1767576	313.1443196	
1480	851.27	25.03	25.97	7.4	147.9946912	312.2333254	313.2033474	0.37202418
1481	851.11	24.95	25.95	7.7	152.4946912	312.1663366	313.1313581	-0.024482079
1483	850.91	24.99	25.97	8.1	153.4946912	312.2292096	313.1975207	0.02584667
1484	850.83	24.99	25.94	8.3	155.0946912	312.2376056	313.204918	0.006903074
1485	850.74	24.91	25.94	7.9	153.6946912	312.1632669	313.1262293	-0.015284155
1487	850.545	25.035	25.835	7.5	149.2093597	312.3146574	313.2810012	0.06222619
1489	850.34	25.245	25.75	7.4	141.4541508	312.5561549	313.531438	1.587091552
1490	850.26	25.2	25.78	7.3	141.7946912	312.5174285	313.4914232	-0.127271837
1493	850.01	25.24	25.74	7.1	147.6946912	312.5856166	313.560737	0.168049212
1494	849.85	25.24	25.74	7	156.4946912	312.6024466	313.5778089	0.055303169
1495	849.73	25.16	25.78	7.3	163.8946912	312.5312579	313.5037938	-0.025998674
1496	849.72	25.24	25.76	7.2	157.9946912	312.616124	313.5924409	0.278869048
1497	849.54	25.2	25.76	7.4	167.2946912	312.5931567	313.567483	-0.018870092
1498	849.5	25.29	25.74	7.5	167.6946912	312.6916641	313.67039	0.323640273
1499	849.36	25.24	25.74	7	169.1946912	312.6540138	313.6301177	-0.004948745
1501	849.205	25.33	25.7	6.25	173.0026781	312.764641	313.7445635	0.012921268
1502	849.08	25.29	25.7	6.1	178.5946912	312.735893	313.7137351	-0.041977738
1503	848.96	25.2	25.72	5.9	178.3946912	312.65422	313.6279094	-0.06710319
1504	848.9066667	25.16	25.79	6.233333333	174.1695396	312.617919	313.5920758	-0.010738503
1505	848.83	25.08	25.87	6.6	169.0946912	312.5421551	313.514923	-0.018527581
1506	848.7	24.99	25.9	6.8	166.2946912	312.461523	313.4305386	-0.066294627
1508	848.54	24.845	25.915	6.85	160.4486852	312.3263987	313.2880811	-3.556845543
1510	848.29	24.87	25.95	7	153.6946912	312.3789257	313.3436814	0.153615606
1511	848.24	24.87	25.88	7	150.2946912	312.3841919	313.3464199	
1513	848.07	24.99	25.81	7.2	148.0946912	312.5278907	313.4944843	0.23629433
1514	847.945	25.055	25.765	6.75	147.5902467	312.609206	313.5779512	0.013203313
1515	847.8	24.99	25.77	6.6	148.2946912	312.5563533	313.521854	-0.077252816
1517	847.64	25.035	25.765	6.3	150.0962785	312.6204041	313.5884839	0.046803315
1519	847.46	25.08	25.75	6.4	152.2946912	312.6865745	313.6568933	0.435104157
1520	847.345	25.03	25.73	6.15	154.2678586	312.6462849	313.6132124	-0.021197526
1522	847.135	25.03	25.71	5.85	160.86222	312.6684492	313.6349407	0.016196211
1525	846.8766667	25.10333333	25.65666667	5.7	164.8760086	312.7726273	313.7416183	0.456646973
1526	846.8	24.99	25.75	5.6	160.0946912	312.6618723	313.628125	-0.364245136
1527	846.66	24.95	25.85	5.7	157.7946912	312.6347074	313.6026724	-0.089350338
1529	846.46	24.885	25.865	5.85	158.0006744	312.5876582	313.5528345	-0.137588943
1530	846.4	24.86	25.86	5.7	159.3946912	312.5677743	313.531453	-0.029076261
1531	846.255	24.91	25.875	5.55	157.0424389	312.6355354	313.6027971	0.099070699
1533	846.1	24.91	25.88	5.75	156.0407781	312.6519145	313.6195966	0.026940554
1535	845.94	24.91	25.85	5.9	154.5946912	312.6688258	313.6356271	0.049450496
1536	845.805	24.91	25.795	5.75	152.3477347	312.6830981	313.6480452	0.020866933
1537	845.68	24.87	25.77	5.8	151.2946912	312.6543513	313.6163124	-0.378315973
1538	845.61	24.91	25.74	5.6	148.7946912	312.7037185	313.6669007	0.040599887
1540	845.43	24.91	25.725	5.25	150.5937388	312.7227582	313.6856492	0.010225919
1542	845.215	24.865	25.7	5.45	151.8965261	312.6982894	313.658054	-0.040252708
1544	845.045	24.89	25.66	5.6	150.7946912	312.7425128	313.7024312	0.129322981
1545	844.95	24.87	25.62	5.6	152.9946912	312.7315817	313.6890322	
1546	844.86	24.87	25.61	5.4	154.6946912	312.7411092	313.6983204	0.007836535
1547	844.79	24.87	25.58	5.3	150.2946912	312.7485204	313.7047146	0.024383301
1548	844.67	24.87	25.59	5.4	151.5946912	312.7612271	313.7179742	0.04180599
1549	844.525	24.845	25.685	5.6	152.3839765	312.7503463	313.7094677	-0.008950461
1551	844.38	24.74	25.71	6	152.9946912	312.6555009	313.6099288	-0.039022981
1552	844.22	24.78	25.72	6	153.7946912	312.7144319	313.6716934	
1553	844.205	24.74	25.72	5.75	156.3251248	312.6740359	313.6290958	-0.021274169
1554	844.03	24.74	25.68	5.3	159.2946912	312.6925757	313.6464107	0.003013517
1555	843.97	24.74	25.7	5.4	158.1946912	312.6989333	313.6536006	0.020926244
1556	843.84	24.78	25.68	5.4	160.0946912	312.7547006	313.7110404	
1557	843.77	24.74	25.67	5.5	161.6946912	312.7201297	313.6739803	-0.113790253
1558	843.73	24.7	25.69	5.6	162.0946912	312.6823778	313.6348128	-0.124277147
1559	843.595	24.62	25.74	5.9	159.5743492	312.6127003	313.5627579	-0.025492922
1561	843.41	24.66	25.735	5.75	155.9433868	312.6743065	313.626668	0.180294723
1562	843.27	24.62	25.74	5.4	156.1946912	312.6471535	313.5976934	-0.007298796
1563	843.23	24.58	25.69	5.4	156.0946912	312.609396	313.5559428	
1565	843.01	24.575	25.75	5.6	156.9000484	312.6274767	313.576284	0.029772752
1566	842.95	24.53	25.75	5.8	157.0946912	312.5865865	313.5330004	-0.033671265
1567	842.84	24.57	25.74	5.7	153.1946912	312.6402582	313.588673	0.176761542
1568	842.73	24.53	25.65	5.5	153.4946912	312.6099227	313.5529854	-0.024979979
1569	842.63	24.615	25.57	5.35	155.9423547	312.7097984	313.6547302	0.146168537
1571	842.42	24.7	25.47	4.9	156.2946912	312.8213638	313.7675773	0.036273331
1572	842.355	24.66	25.48	5.05	156.1887504	312.7862559	313.7307366	-0.051372931
1574	842.11	24.68	25.455	5.1	159.8946912	312.8332868	313.7783015	1.238670421
1575	842.02	24.62	25.46	5.1	161.4946912	312.7798251	313.7218639	
1576	841.97	24.66	25.49	5.1	161.7946912	312.8271543	313.7725748	
1578	841.79	24.595	25.515	5.15	160.8869237	312.778002	313.7210426	-1.294907771
1580	841.565	24.6	25.46	5.15	159.1403222	312.8071696	313.7487827	
1581	841.44	24.57	25.4	5.1	160.9946912	312.7889401	313.7268787	-0.240146687
1582	841.35	24.62	25.38	5	163.1946912	312.8510414	313.7911053	0.204489149
1583	841.26	24.7	25.34	4.5	163.8946912	312.9446676	313.8877619	0.0123285
1585	841.09	24.66	25.35	4.45	164.2475002	312.9207267	313.8622507	-0.63058343
1586	841.01	24.57	25.37	4.6	165.8946912	312.8346705	313.7721323	-0.125962609
1587	840.91	24.62	25.37	4.7	165.5946912	312.89785	313.8381912	0.208039332
1588	840.81	24.62	25.38	4.7	167.2946912	312.9084927	313.849352	
1589	840.68	24.58	25.41	4.8	168.3946912	312.8802953	313.8202676	-0.09286199
1591	840.5133333	24.56	25.36	4.766666667	167.591894	312.8770189	313.8142948	-0.194230638
1593	840.315	24.575	25.315	4.35	168.0912429	312.9139028	313.8506241	0.013993445
1595	840.105	24.615	25.25	4.15	167.8513179	312.9783147	313.9151169	0.106050422
1597	839.945	24.62	25.235	4.2	166.5256489	313.0006199	313.9373731	0.58757734
1599	839.72	24.51666667	25.31666667	4.5	164.4278186	312.9159772	313.8504554	-0.06195794
1601	839.535	24.51	25.305	4.35	160.9441165	312.9286878	313.8626438	0.037217084
1603	839.33	24.55	25.25	4.3	163.9946912	312.9925996	313.9269992	1.684002617
1604	839.24	24.49	25.25	4.2	166.9946912	312.9391148	313.8703871	-0.176193184
1605	839.15	24.45	25.25	4.3	167.8946912	312.9066562	313.8358926	-0.106941855
1606	839.06	24.49	25.24	4.4	168.9946912	312.9583135	313.8894801	0.170173192
1607	838.97	24.45	25.24	4.6	169.8946912	312.925855	313.8549859	-0.026735408
1608	838.84	24.53	25.22	4.6	169.2946912	313.0238476	313.9567682	
1609	838.79	24.45	25.21	4.4	170.0946912	312.945059	313.8733479	-0.06489639
1610	838.7	24.45	25.2	4.3	171.5946912	312.9546631	313.8827148	0.031642486
1611	838.61	24.53	25.18	4.4	172.5946912	313.0483986	313.980176	0.30874847
1612	838.52	24.53	25.18	4.4	173.5946912	313.0580078	313.989917	
1613	838.43	24.49	25.17	4.2	174.7946912	313.0255508	313.9550539	-0.026730583
1615	838.25	24.50333333	25.15333333	3.9	174.5998194	313.0587968	313.9886689	0.024336953
1616	838.09	24.45	25.14	3.9	175.3946912	313.019792	313.9465217	
1617	838.03	24.45	25.13	4.1	176.2946912	313.0262014	313.9526498	0.005279292
1618	837.91	24.49	25.13	4.2	176.9946912	313.0810971	314.0098817	0.180841263
1619	837.8	24.45	25.125	4	177.9871911	313.0507763	313.9773754	-0.024974573
1621	837.58	24.47	25.12	3.75	179.8946912	313.0953308	314.0231462	0.046970923
1622	837.49	24.49	25.13	3.9	179.5946912	313.1259939	314.055392	0.044894436
1624	837.36	24.45	25.13	3.9	180.1946912	313.0978133	314.0252382	
1625	837.24	24.45	25.12	3.7	181.7946912	313.1106471	314.0378779	0.01057091
1626	837.13	24.43	25.12	3.6	182.7946912	313.1013703	314.0276817	-0.030566362
1628	836.95	24.37	25.12	3.6	184.3946912	313.057494	313.9808341	
1630	836.755	24.37	25.115	3.45	186.6381693	313.0783577	314.0017973	0.061118515
1631	836.665	24.37	25.11	3.5	183.1446912	313.0879892	314.0113758	0.126965943
1632	836.6	24.37	25.11	3.6	178.7946912	313.094946	314.0184271	0.022926968
1634	836.42	24.37	25.1	3.9	177.2946912	313.1142149	314.0375899	0.014111665
1635	836.26	24.33	25.11	3.8	174.8946912	313.0892485	314.0110724	-0.082290481
1636	836.175	24.33	25.1	3.75	175.401358	313.0983502	314.0199304	0.119999033
1637	836.13	24.33	25.09	3.9	177.3946912	313.1031698	314.0244481	0.007060164
1639	835.95	24.33	25.09	3.8	177.2946912	313.12245	314.0439895	0.1270968
1640	835.84	24.33	25.08	3.7	176.9946912	313.134235	314.0555669	0.038843797
1641	835.75	24.37	25.08	3.6	177.6946912	313.1859849	314.1095983	0.170546953
1642	835.63	24.29	25.07333333	3.466666667	175.7658379	313.1146309	314.0338767	-0.132309686
1644	835.44	24.29	25.08	3.5	174.0946912	313.1349956	314.0547612	1.208374933
1645	835.325	24.25	25.075	3.55	172.8397615	313.1052121	314.0228183	-0.392776438
1646	835.26	24.25	25.07	3.6	172.4946912	313.1121805	314.0296978	0.091897092
1647	835.12	24.29	25.07	3.5	172.6946912	313.1693071	314.0891699	0.188316862
1648	835.08	24.29	25.07	3.7	172.6946912	313.1735972	314.0935181	0.003535578
1650	834.875	24.25	25.065	3.65	172.9481159	313.1534691	314.0713605	-0.530886876
1651	834.72	24.25	25.06	3.7	175.4946912	313.1700992	314.0880319	0.219312036
1653	834.55	24.25	25.06	3.6	178.0946912	313.1883428	314.1065217	0.120295769
1654	834.49	24.29	25.055	3.4	180.5946912	313.2369073	314.1571338	0.040022958
1655	834.37	24.33	25.05	3.5	185.1946912	313.291917	314.2142826	0.181314345
1657	834.18	24.41	25.05	3.6	187.8946912	313.3965815	314.3235357	0.689770839
1658	834.105	24.45	25.05	3.85	191.2596283	313.446771	314.3759981	0.026457558
1659	833.96	24.37	25.06	4.1	193.5946912	313.3780922	314.3035787	-0.036214016
1660	833.86	24.33	25.06	4.3	194.7946912	313.3467066	314.2701837	-0.025862037
1661	833.78	24.33	25.07	4.4	196.2946912	313.3553049	314.2792672	0.028340474
1662	833.69	24.29	25.07	4.2	197.4946912	313.3228434	314.2447846	-0.026752214
1664	833.55	24.31	25.06	4.15	197.0537278	313.3589621	314.2818149	0.95245312
1666	833.3633333	24.30333333	25.06	3.933333333	193.9268962	313.3720114	314.2947777	0.018325894
1667	833.26	24.37	25.05	4.2	192.0946912	313.4533622	314.3795032	0.037701457
1668	833.12	24.33	25.05	4.05	190.5996295	313.4262817	314.3504703	-0.039670275
1670	832.95	24.25	25.05	3.9	189.4946912	313.3602821	314.280417	-0.193418591
1671	832.88	24.25	25.05	3.8	188.9946912	313.3678141	314.2880508	0.024832567
1672	832.74	24.21	25.05	3.7	188.5946912	313.340731	314.2590265	-0.089303152
1673	832.69	24.13	25.05	3.45	188.3946912	313.2618111	314.1759028	-0.04164764
1675	832.5	24.17	25.04	3.2	189.1946912	313.3244102	314.2405473	0.066060817
1676	832.35	24.21	25.04	3.2	190.4446912	313.3827135	314.3012089	
1677	832.29	24.29	25.04	3.2	191.6946912	313.473487	314.3963654	
1678	832.2	24.25	25.04	3.3	192.4946912	313.4410249	314.3618842	-0.107025174
1679	832.06	24.29	25.03	3.3	193.1946912	313.4982668	314.4211125	
1680	832.02	24.29	25.04	3.4	193.9946912	313.5025772	314.4258501	0.014209233
1681	831.87	24.25	25.05	3.5	194.7946912	313.4765814	314.3982898	-0.085706272
1682	831.84	24.21	25.05	3.5	195.2946912	313.437652	314.3572561	
1683	831.74	24.21	25.05	3.5	195.8946912	313.4484293	314.368179	
1684	831.6	24.21	25.05	3.5	196.7946912	313.4635203	314.383474	
1685	831.5	24.25	25.04	3.6	198.1446912	313.5164694	314.4383497	0.1745689
1686	831.445	24.37	25.045	3.6	199.1946912	313.6489059	314.5775253	
1687	831.34	24.33	25.05	3.6	199.2946912	313.6180652	314.5448609	
1689	831.12	24.41	25.05	3.6	199.0946912	313.7261517	314.6576039	
1690	831.02	24.41	25.05	3.6	198.7446912	313.7369483	314.6685481	
1691	830.94	24.37	25.06	3.6	198.1946912	313.703411	314.6333304	
1692	830.85	24.45	25.06	3.6	197.6946912	313.7974834	314.7318818	
1693	830.76	24.37	25.06	3.6	197.1946912	313.7228489	314.6530337	
1694	830.63	24.45	25.06	3.6	196.6946912	313.8212513	314.7559757	
1695	830.57	24.41	25.06	3.6	196.0946912	313.7855537	314.7181906	
1696	830.45	24.37	25.06	3.6	195.5946912	313.7563379	314.6869801	
1697	830.41	24.41	25.06	3.5	194.8946912	313.8028437	314.7357173	0.15324375
1698	830.3	24.41	25.06	3.5	194.1946912	313.8147331	314.7477696	
1699	830.16	24.37	25.06	3.5	193.0946912	313.7876807	314.7187511	
1700	830.12	24.37	25.06	3.5	192.9946912	313.7920052	314.7231348	
1701	830	24.37	25.06	3.5	192.3946912	313.8049796	314.7362865	
1702	829.89	24.37	25.06	3.5	192.4946912	313.816875	314.7483445	
1703	829.76	24.33	25.06	3.6	192.4946912	313.7887428	314.7182346	-0.092724676
1704	829.695	24.35	25.06	3.55	192.4946912	313.8168701	314.7475423	0.370809783
1705	829.58	24.29	25.06	3.6	192.3946912	313.7660181	314.6936095	-0.670531164
1706	829.49	24.33	25.06	3.6	192.4946912	313.8179511	314.7478413	
1707	829.42	24.25	25.06	3.5	192.3946912	313.7411299	314.6667949	-0.253273811
1708	829.31	24.29	25.06	3.5	192.3946912	313.7952306	314.7232197	
1710	829.155	24.31	25.06	3.5	192.7446912	313.833107	314.7624078	
1712	828.95	24.33	25.06	3.5	193.2946912	313.8764043	314.8070925	
1713	828.88	24.31	25.055	3.55	193.2918743	313.8628822	314.7924036	-0.178289752
1714	828.79	24.29	25.05	3.5	193.8946912	313.8515261	314.7799116	-0.149739952
1715	828.64	24.29	25.05	3.5	194.1946912	313.8677737	314.7963805	
1716	828.59	24.25	25.05	3.5	194.5946912	313.8309804	314.757497	
1717	828.475	24.25	25.05	3.5	195.1946912	313.8434387	314.7701248	
1718	828.41	24.21	25.04	3.5	195.6946912	313.8082687	314.7325214	
1720	828.205	24.23	25.05	3.5	196.2946912	313.8515894	314.7775924	
1721	828.075	24.21	25.045	3.5	196.8446912	313.8445718	314.7695016	
1724	827.8	24.19	25.045	3.45	197.5903433	313.853276	314.7775314	0.344435067
1725	827.725	24.17	25.04	3.5	197.7946912	313.840298	314.7634012	-0.171196095
1726	827.6	24.17	25.04	3.4	198.4946912	313.8538542	314.777141	0.04470575
1727	827.57	24.21	25.04	3.4	198.3946912	313.8993329	314.8248213	
1728	827.39	24.09	25.04	3.4	199.2946912	313.7921798	314.7114727	
1729	827.375	24.13	25.04	3.4	198.8446912	313.8360345	314.7574984	
1731	827.15	24.13	25.04	3.4	199.6946912	313.8604477	314.7822417	
1732	827.03	24.15	25.04	3.3	199.5446912	313.8945879	314.8176348	0.112595385
1733	826.92	24.13	25.04	3.3	199.6946912	313.8854123	314.8075439	
1734	826.9	24.13	25.03	3.3	199.8946912	313.8875835	314.8093763	
1736	826.71	24.09	25.04	3.3	200.1946912	313.8659764	314.7862652	
1737	826.61	24.05	25.03	3.3	200.3946912	313.8345966	314.7525182	
1738	826.52	24.01	25.03	3.3	200.3946912	313.8021297	314.718041	
1739	826.43	24.09	25.03	3.3	200.0946912	313.8963859	314.8167177	
1740	826.3	24.01	25.03	3.4	200.0946912	313.8260224	314.7422548	-0.232170548
1741	826.18	24.07	25.02	3.4	199.9446912	313.9024258	314.8216825	
1742	826.08	24.01	25.02	3.4	199.7946912	313.8499233	314.7661108	
1743	825.98	24.05	25.02	3.5	199.5946912	313.9030381	314.8215147	0.175233309
1744	825.93	23.97	25.01	3.4	199.5946912	313.8239753	314.7378779	-0.260909726
1745	825.8	24.01	25.02	3.5	199.6946912	313.8803545	314.7969511	0.18602801
1746	825.75	24.01	25.01	3.5	199.9946912	313.88579	314.8020933	
1747	825.67	23.93	25.01	3.5	199.9946912	313.8099826	314.72213	
1748	825.57	24	25.01	3.5	200.1946912	313.8947979	314.8108291	
1749	825.42	23.95	25.01	3.55	200.7989166	313.8582907	314.7718688	-0.481932654
1750	825.35	24.01	25.01	3.5	200.7946912	313.9292895	314.8461776	0.937067434
1751	825.26	23.97	25.01	3.6	201.3946912	313.8968221	314.8117017	-0.107143618
1752	825.13	23.96	25	3.6	201.5946912	313.9004002	314.8145696	
1753	825.075	23.95	25.005	3.6	201.5946912	313.8958191	314.8097175	
1755	824.91	23.89	25.01	3.6	201.6946912	313.8503792	314.7615011	
1756	824.79	23.91	25	3.6	201.5946912	313.8845709	314.7965683	
1757	824.68	23.84	25	3.6	201.3946912	313.8225769	314.7310102	
1758	824.63	23.89	25	3.6	201.1946912	313.8808535	314.7920184	
1759	824.5	23.89	25	3.6	201.0946912	313.8950069	314.8063609	
1760	824.4	23.81	25	3.6	200.8946912	313.8213538	314.7286008	
1761	824.27	23.81	25	3.6	200.6946912	313.8355083	314.7429436	
1763	824.115	23.83	24.995	3.6	200.3446912	313.8735266	314.7820668	
1764	824	23.85	24.99	3.5	199.8946912	313.9071925	314.8167808	0.111143513
1765	823.9	23.85	24.99	3.5	199.8946912	313.9180887	314.8278223	
1766	823.82	23.81	24.99	3.5	199.6946912	313.8845272	314.7922519	
1767	823.73	23.77	24.99	3.5	199.5946912	313.8520541	314.7577885	
1768	823.68	23.73	24.99	3.5	199.5946912	313.815221	314.7189112	
1769	823.6	23.81	24.99	3.5	199.6946912	313.9085045	314.8165485	
1770	823.46	23.77	24.99	3.5	199.7446912	313.8814821	314.7876075	
1771	823.32	23.76	24.99	3.5	199.8946912	313.8861742	314.7919726	
1772	823.23	23.77	24.99	3.5	199.8946912	313.9065602	314.8130189	
1773	823.18	23.69	24.99	3.5	199.8946912	313.827435	314.7297341	
1774	823.06	23.73	24.99	3.5	199.6946912	313.8828112	314.7873976	
1775	822.97	23.73	24.99	3.5	199.3946912	313.8926281	314.7973448	
1776	822.87	23.73	24.98	3.6	199.0946912	313.9035374	314.8080367	0.036030125
1777	822.82	23.73	24.98	3.6	198.7946912	313.9089927	314.8135644	
1778	822.69	23.69	24.98	3.7	198.7946912	313.8808821	314.7835274	-0.092853129
1779	822.64	23.65	24.98	3.6	198.6946912	313.8440412	314.7446484	-0.12170726
1780	822.535	23.69	24.98	3.7	199.0946912	313.8977974	314.8006666	0.17756447
1782	822.37	23.61	24.98	3.7	199.6946912	313.8312065	314.7300962	
1783	822.22	23.61	24.98	3.7	200.1946912	313.8475799	314.7466856	2.74312E+27
1785	822.035	23.63	24.98	3.7	200.8446912	313.888932	314.7893573	
1786	821.97	23.65	24.98	3.7	201.0946912	313.9171841	314.8187577	
1788	821.74	23.61	24.975	3.6	201.5946912	313.9000003	314.7996171	-0.113551859
1789	821.7	23.61	24.98	3.6	201.1946912	313.9043704	314.8042251	
1790	821.56	23.53	24.97	3.7	201.8946912	313.8350422	314.7305347	-0.229124246
1791	821.52	23.61	24.97	3.7	202.0946912	313.9240395	314.8237933	
1792	821.395	23.55	24.97	3.65	202.296061	313.8742287	314.7710074	-0.658438928
1793	821.25	23.53	24.97	3.7	202.3946912	313.8689185	314.7648558	-0.070199252
1795	821.085	23.53	24.97	3.75	202.6466912	313.8869559	314.7831302	0.476897843
1796	821.05	23.49	24.97	3.7	202.7946912	313.8484624	314.7425901	-0.508940509
1797	820.96	23.53	24.97	3.8	203.0946912	313.9006241	314.796978	0.172390192
1798	820.84	23.45	24.97	3.8	203.3946912	313.8291007	314.7214364	
1799	820.69	23.49	24.97	3.9	203.5446912	313.8878302	314.7824742	0.194122593
1800	820.6	23.45	24.97	3.9	203.7946912	313.8553486	314.7480277	
1802	820.45	23.49	24.97	3.9	204.1446912	313.9140878	314.8090762	
1804	820.29	23.45	24.97	3.9	204.5446912	313.8892668	314.7823899	
1805	820.19	23.45	24.97	3.9	204.8946912	313.9002115	314.7934779	
1806	820.03	23.45	24.97	3.9	204.9946912	313.9177268	314.8112226	
1807	819.97	23.45	24.97	3.9	204.9946912	313.9242962	314.817878	
1808	819.88	23.41	24.97	3.9	205.1946912	313.8918137	314.7834327	
1809	819.83	23.41	24.97	3.8	205.2946912	313.8972886	314.7889792	0.018101709
1810	819.71	23.39	24.97	3.85	205.4453405	313.8892602	314.780078	-0.106183909
1811	819.56	23.35	24.97	3.9	205.5446912	313.8633473	314.7522934	-0.34276786
1812	819.47	23.33	24.97	3.9	205.3946912	313.8520337	314.7400666	
1813	819.43	23.33	24.97	3.9	205.4946912	313.8564152	314.7445052	
1815	819.2166667	23.37	24.97	3.9	205.0946912	313.9221359	314.8126155	
1817	819.07	23.29	24.97	3.9	204.7946912	313.8535122	314.7400346	
1818	818.91	23.31	24.97	3.9	204.4946912	313.8922251	314.7800157	
1820	818.73	23.295	24.97	3.9	204.4446912	313.896077	314.7833439	
1822	818.565	23.26	24.97	3.95	204.3453241	313.8771094	314.7627922	-0.501947606
1823	818.48	23.29	24.97	3.9	204.4946912	313.9182005	314.8055638	0.543650441
1824	818.39	23.29	24.97	4	204.5946912	313.9280734	314.8155652	0.032655789
1825	818.29	23.29	24.97	4	204.5946912	313.939045	314.8266795	
1826	818.2	23.29	24.97	4	204.8946912	313.9489209	314.8366839	
1828	817.97	23.26	24.97	4	204.7946912	313.9423913	314.8289218	
1829	817.935	23.24	24.97	4	204.7946912	313.9250501	314.8105913	
1830	817.85	23.18	24.96	4	204.8946912	313.8708293	314.7530267	
1831	817.68	23.18	24.96	4	204.9946912	313.8894909	314.7719297	
1833	817.5	23.15	24.96	4.1	205.4446907	313.877476	314.7586182	-0.079518358
1836	817.29	23.14	24.96	4.1	205.9946912	313.8899458	314.7708688	
1837	817.1133333	23.19333333	24.96	4.1	206.2946912	313.9658587	314.8497939	
1839	816.965	23.18	24.96	4.1	206.6946912	313.9680344	314.8514894	
1841	816.77	23.14	24.96	4.1	207.0946912	313.9470869	314.8287478	
1842	816.67	23.14	24.96	4.1	207.6946912	313.9580809	314.8398839	
1843	816.59	23.11333333	24.96	4.2	208.1946912	313.9386197	314.8191573	-0.064408261
1845	816.38	23.1	24.96	4.2	207.9946912	313.9475838	314.8277305	
1846	816.3233333	23.03333333	24.96	4.133333333	207.330175	313.8831658	314.7599549	-0.47982009
1848	816.1	23.02	24.96	4.1	206.6946912	313.8935988	314.7700172	0.621713876
1849	816.03	23.04	24.96	4.1	206.1946912	313.9224969	314.8000441	
1851	815.88	23.02	24.96	4.1	205.5946912	313.9178037	314.794533	
1852	815.76	22.99	24.96	4.1	205.1946912	313.8992108	314.7745664	
1853	815.66	22.99	24.96	4.1	204.6946912	313.9102168	314.7857135	
1854	815.545	22.99	24.96	4.15	204.1934864	313.9228759	314.798535	0.167653799
1856	815.4	23.02	24.96	4.2	203.8946912	313.9706435	314.8480518	1.265120656
1857	815.32	23.02	24.96	4.1	203.5946912	313.979454	314.8569756	0.029168211
1858	815.21	22.99	24.96	4.1	203.3946912	313.9597651	314.8358976	
1859	815.105	22.97	24.96	4.1	203.3446912	313.9501273	314.8253797	
1860	815	22.91	24.96	4.1	203.1946912	313.8980796	314.7704004	
1861	814.87	22.91	24.96	4.1	202.9946912	313.912401	314.7849048	
1862	814.76	22.95	24.96	4.2	203.0446912	313.966935	314.8416467	0.180583554
1864	814.5933333	22.89666667	24.96	4.2	202.9280245	313.9287508	314.800961	
1866	814.42	22.89	24.96	4.2	203.0946912	313.9407885	314.8129011	
1867	814.31	22.91	24.96	4.2	202.8946912	313.9741267	314.8474198	
1868	814.22	22.91	24.96	4.2	202.8946912	313.984052	314.8574721	
1870	814.08	22.91	24.96	4.2	202.7946912	313.9994941	314.8731119	
1871	813.965	22.83	24.96	4.3	202.7446912	313.9273304	314.7970124	-0.239059231
1872	813.86	22.79	24.97	4.3	202.9946912	313.8964861	314.7646205	
1873	813.81	22.83	24.96	4.3	202.7946912	313.9444295	314.8143293	
1874	813.7	22.83	24.97	4.3	203.1946912	313.9565669	314.82697	
1875	813.63	22.79	24.97	4.3	203.4946912	313.9218614	314.7903185	
1876	813.515	22.81	24.965	4.3	203.7946912	313.9557686	314.825235	
1877	813.39	22.76	24.97	4.3	203.6946912	313.9165241	314.7837873	
1878	813.34	22.83	24.97	4.4	203.4946912	313.9963041	314.867214	0.264289954
1879	813.17	22.76	24.97	4.3	203.1946912	313.9408114	314.8083832	-0.18387598
1880	813.16	22.76	24.97	4.3	203.1946912	313.9419156	314.8095014	
1881	812.99	22.79	24.97	4.3	203.0946912	313.9925192	314.8618756	
1882	812.935	22.755	24.97	4.4	203.0446912	313.9614593	314.8291058	-0.102919138
1883	812.82	22.72	24.97	4.3	203.2946912	313.9370252	314.8030489	-0.080973788
1884	812.77	22.76	24.97	4.3	203.4946912	313.9849919	314.8531252	
1885	812.64	22.72	24.97	4.3	203.5946912	313.9569113	314.8231872	
1886	812.54	22.72	24.97	4.2	203.1946912	313.9679617	314.8343778	0.036620681
1887	812.43	22.72	24.97	4.2	202.8946912	313.9801188	314.8466893	
1888	812.35	22.64	24.97	4.2	202.8946912	313.9040627	314.7666764	
1889	812.31	22.72	24.97	4.2	202.8946912	313.9933837	314.8601225	
1890	812.17	22.72	24.97	4.2	202.8946912	314.0088627	314.875798	
1891	812.105	22.7	24.97	4.25	202.5935147	313.9948237	314.860831	-0.186110859
1893	811.9	22.64	24.97	4.3	202.3946912	313.953812	314.8170544	-1.087586532
1894	811.81	22.64	24.97	4.25	202.1970441	313.9637661	314.8271344	0.131986055
1895	811.7	22.645	24.97	4.25	201.9982206	313.9812413	314.8450176	
1897	811.54	22.64	24.97	4.2	201.4946912	313.9936369	314.857383	0.328717818
1898	811.465	22.64	24.97	4.25	201.1935147	314.0019367	314.8657878	0.110050085
1899	811.335	22.59	24.97	4.3	200.9946912	313.9632442	314.8247388	-0.513128168
1900	811.23	22.6	24.97	4.3	201.0946912	313.9854826	314.847631	
1902	811.09	22.61	24.97	4.3	200.9946912	314.0115988	314.8744506	
1903	810.98	22.6	24.97	4.3	201.1946912	314.013162	314.87566	
1904	810.85	22.61	24.97	4.3	201.4946912	314.0381777	314.9013653	
1905	810.82	22.57	24.97	4.35	201.6958406	313.9990283	314.8602281	-0.519222207
1906	810.71	22.61	24.97	4.4	201.7946912	314.0536867	314.9170704	0.724813792
1907	810.605	22.53	24.97	4.4	201.9446912	313.9803693	314.8398434	
1908	810.49	22.53	24.97	4.4	201.9946912	313.9931101	314.8527446	
1910	810.315	22.55	24.97	4.5	201.8946912	314.0337427	314.8946343	0.269464957
1911	810.27	22.57	24.97	4.5	201.5946912	314.059971	314.9219397	
1912	810.14	22.53	24.97	4.5	201.4946912	314.0319008	314.8920236	
1913	810.04	22.53	24.97	4.5	201.0446912	314.0429879	314.9032503	
1914	809.9	22.49	24.97	4.5	200.6946912	314.0160263	314.8744601	
1915	809.81	22.45	24.97	4.5	200.3946912	313.9835193	314.8400585	
1916	809.77	22.45	24.97	4.5	200.3946912	313.987955	314.8445498	
1917	809.655	22.45	24.97	4.5	200.3946912	314.0007093	314.8574641	
1918	809.54	22.49	24.97	4.5	200.2946912	314.0559575	314.9148933	
1919	809.5	22.42	24.97	4.5	200.5946912	313.9860343	314.8414917	
1920	809.41	22.42	24.97	4.5	200.5946912	313.9960189	314.8516014	
1921	809.31	22.42	24.97	4.6	200.6946912	314.0071147	314.8628361	0.036808187
1922	809.215	22.435	24.97	4.6	200.7946912	314.0335934	314.8902036	
1924	809.015	22.415	24.97	4.7	200.5446912	314.0345451	314.8904248	0.006314337
1926	808.835	22.38	24.97	4.6	198.6446912	314.0173413	314.8717077	-0.114157222
1927	808.73	22.38	24.97	4.45	195.7519949	314.0290009	314.8835132	0.017192898
1928	808.64	22.38	24.97	4.4	194.0946912	314.0389964	314.8936338	0.132651716
1929	808.55	22.42	24.97	4.3	193.2946912	314.0914999	314.9482791	0.174171313
1930	808.42	22.34	24.97	4.3	193.8946912	314.0209275	314.8738578	
1931	808.4	22.34	24.97	4.3	193.1946912	314.0231494	314.8761074	
1932	808.245	22.36	24.97	4.45	195.601433	314.0616273	314.9158066	0.056742129
1933	808.13	22.36	24.97	4.75	198.0010072	314.0744084	314.9287475	0.004711955
1935	807.97	22.345	24.97	4.85	200.197784	314.0762515	314.9300579	0.012231651
1936	807.85	22.34	24.97	4.9	200.3946912	314.0842793	314.9380009	0.106552572
1937	807.81	22.34	24.97	4.9	199.7946912	314.0887272	314.9425044	
1938	807.72	22.34	24.97	4.9	198.7946912	314.098736	314.9526383	
1939	807.63	22.31	24.97	4.8	198.0946912	314.076856	314.9293746	-0.072610261
1940	807.52	22.29	24.975	4.65	196.8989923	314.0678306	314.9196678	-0.013312578
1941	807.445	22.27	24.98	4.6	195.7446912	314.0549118	314.9060194	-0.17151087
1943	807.23	22.23	24.975	4.5	195.2446912	314.0363061	314.885536	-0.123521998
1944	807.18	22.23	24.98	4.5	195.2946912	314.0418694	314.8913384	
1945	807.07	22.23	24.98	4.5	195.8946912	314.0541103	314.9037316	
1946	807	22.27	24.98	4.7	198.7946912	314.104431	314.9561556	0.041753712
1947	806.9	22.27	24.98	4.5	197.2946912	314.1155637	314.9674271	0.009237402
1948	806.745	22.19	24.98	4.85	201.3534547	314.0477555	314.8958237	-0.018376907
1949	806.67	22.19	24.98	5	203.8946912	314.0561059	314.9042778	0.012321266
1951	806.495	22.21	24.98	5.15	206.2014876	314.0968629	314.9462781	0.120266963
1953	806.315	22.16	24.98	5.15	206.7976038	314.0637402	314.9109025	
1955	806.115	22.175	24.985	4.85	203.5977727	314.1019767	314.9503353	0.028210756
1957	805.9	22.19	24.99	4.5	201.1946912	314.1418956	314.9914728	0.021637044
1958	805.84	22.12	24.99	4.4	200.8446912	314.0741271	314.9202859	-0.225038596
1959	805.72	22.12	24.99	4.5	201.9946912	314.0875044	314.9338289	0.044422063
1960	805.635	22.12	24.99	4.6	203.9446912	314.0969815	314.9434234	0.031470721
1962	805.45	22.08	24.99	4.8	205.8946912	314.0750597	314.9197609	-0.03640285
1963	805.36	22.08	24.99	4.8	206.8946912	314.0850974	314.9299226	
1965	805.215	22.065	24.995	4.9	208.4446912	314.0853135	314.9297598	0.001435238
1966	805.13	22.05	25	4.9	209.5946912	314.0788373	314.9228222	
1967	805.01	22.065	25	4.8	210.3946912	314.1081869	314.9530849	0.097479363
1969	804.8	22.01	25	4.7	210.4946912	314.0731013	314.9155493	-0.233104466
1970	804.73	22.065	25	4.65	210.2946912	314.1394402	314.9847246	0.881330086
1971	804.64	22.01	25.01	4.6	210.4946912	314.0909614	314.9339667	-0.644173782
1972	804.54	22.01	25.01	4.6	211.1946912	314.1021263	314.9452693	
1973	804.425	22.03	25.015	4.5	211.7446912	314.1362524	314.980719	0.113357022
1974	804.35	21.97	25.02	4.5	211.5946912	314.0807746	314.9225261	
1975	804.23	21.97	25.02	4.4	211.4946912	314.0941771	314.9360937	0.044528177
1978	804.01	21.99	25.02	4.4	211.4946912	314.1400427	314.9832573	
1979	803.9	21.955	25.02	4.45	211.2969384	314.1150809	314.9567058	-0.331747387
1980	803.79	21.955	25.02	4.4	210.6946912	314.1273749	314.9691512	0.163389556
1981	803.67	21.94	25.02	4.3	208.9946912	314.1248208	314.9660168	-0.008486287
1982	803.605	21.9	25.02	4.3	208.962134	314.0895062	314.9288061	-1.48767E+27
1984	803.45	21.88	25.02	4.3	207.5946912	314.085543	314.9240643	
1985	803.32	21.86	25.03	4.3	207.6946912	314.0787862	314.9168301	
1987	803.17	21.9	25.03	4.2	207.6946912	314.1381488	314.9783819	0.394544552
1988	803.045	21.86	25.03	4.15	207.9440888	314.1095432	314.9479643	-0.380297191
1990	802.91	21.83	25.04	4.1	207.8946912	314.0927033	314.9301587	-0.447802075
1991	802.785	21.845	25.04	4.1	207.8446912	314.1226623	314.9610319	
1992	802.72	21.83	25.04	4.1	207.8946912	314.1139639	314.9516798	
1993	802.58	21.79	25.04	4.1	207.8946912	314.0870371	314.9229663	
1994	802.535	21.79	25.045	4.1	207.6946912	314.0920739	314.9282316	
1996	802.34	21.79	25.04	4.1	207.7946912	314.1139043	314.9501621	
1997	802.245	21.79	25.05	4.1	207.6446912	314.1245417	314.9612637	
1998	802.17	21.83	25.05	4.1	207.7946912	314.1755444	315.01435	
1999	802.03	21.79	25.05	4.1	207.9946912	314.148623	314.9856398	
2000	801.99	21.75	25.05	4.1	207.9946912	314.1104984	314.9455929	
2001	801.87	21.77	25.05	4.1	208.1946912	314.1452453	314.9814922	
2002	801.76	21.72	25.05	4.1	207.9946912	314.1043099	314.9382386	
2003	801.67	21.72	25.05	4	207.2946912	314.1143948	314.9484464	0.033534123
2005	801.52	21.7	25.05	4	205.9946912	314.1098997	314.9431703	
2006	801.39	21.68	25.05	4	205.7946912	314.1031644	314.9356273	
2007	801.295	21.7	25.05	3.95	206.8402607	314.1351226	314.9687006	0.425098344
2008	801.17	21.68	25.05	3.9	208.1946912	314.1278301	314.9605933	-0.097009054
2010	801.055	21.665	25.05	3.95	208.4440583	314.1247446	314.9569263	-0.082093193
2011	800.915	21.65	25.05	4	207.9946912	314.1244643	314.9560988	-0.003729762
2012	800.88	21.65	25.05	4	208.0946912	314.1283904	314.9600726	
2013	800.75	21.65	25.05	4	208.1946912	314.142975	314.9748346	
2014	800.62	21.68	25.05	4	208.5946912	314.1895325	315.0230475	
2016	800.475	21.61	25.055	3.9	208.9446912	314.1312083	314.9616419	-0.38802384
2017	800.34	21.59	25.055	3.9	209.7946912	314.1250463	314.9546815	
2018	800.25	21.57	25.06	3.9	209.4946912	314.1138336	314.9427753	
2019	800.21	21.57	25.05	3.9	209.4946912	314.1183242	314.9469895	
2020	800.12	21.57	25.06	3.9	209.7946912	314.128429	314.9575477	
2021	800.005	21.555	25.06	3.9	209.7446912	314.1253543	314.9538937	
2022	799.93	21.54	25.06	3.9	209.2946912	314.1177885	314.9456945	
2024	799.73	21.54	25.07	3.95	208.5415266	314.1402535	314.968762	0.597970408
2025	799.605	21.5	25.07	3.9	207.6446912	314.1116558	314.9383744	-0.380656531
2027	799.48	21.535	25.07	3.9	207.0946912	314.1630143	314.9916178	
2029	799.295	21.485	25.07	3.9	206.6946912	314.1305006	314.9569062	
2030	799.21	21.485	25.07	3.9	206.1946912	314.1400553	314.9665763	
2032	799.02	21.465	25.075	3.9	206.9446912	314.140092	314.9660574	
2033	798.88	21.47	25.07	4	207.9946912	314.1611675	314.9874029	0.070139744
2034	798.83	21.43	25.08	4	208.3946912	314.1241374	314.9488144	
2035	798.7	21.43	25.07	4	208.5946912	314.1387593	314.9632837	
2036	798.65	21.39	25.08	4	208.7946912	314.1017273	314.9246961	
2037	798.52	21.39	25.08	4	208.8946912	314.1163514	314.9394962	
2038	798.42	21.40333333	25.08333333	3.966666667	208.7627584	314.1418227	314.9658631	0.763095515
2039	798.33	21.36	25.09	3.9	208.4946912	314.1057344	314.9280021	-0.270331644
2040	798.24	21.36	25.09	3.9	208.2946912	314.1158627	314.9382521	
2042	798.095	21.34	25.095	3.9	208.0446912	314.1108508	314.932626	
2044	797.8833333	21.32	25.10333333	3.9	207.9946912	314.1133467	314.9347072	
2045	797.78	21.29	25.1	3.9	208.0946912	314.0929798	314.9129117	
2047	797.605	21.29	25.11	3.9	208.1946912	314.1126877	314.9331827	
2048	797.55	21.29	25.11	3.9	207.9946912	314.1188828	314.939452	
2049	797.43	21.25	25.11	4	207.7946912	314.0897259	314.9085136	-0.097106945
2050	797.35	21.25	25.12	4	207.7946912	314.0987385	314.9179601	
2052	797.145	21.25	25.115	4.1	207.9946912	314.1218385	314.9411737	0.153869182
2053	797.05	21.22	25.125	4.05	208.5946912	314.1005349	314.9188678	-0.283835083
2054	796.92	21.18	25.12	4	208.5946912	314.0725052	314.8889116	-0.373500787
2055	796.85	21.18	25.125	4.05	208.9946912	314.0803957	314.8970588	0.105142668
2057	796.69	21.18	25.12	4.1	209.1946912	314.0984345	314.9151503	0.480738228
2058	796.615	21.2	25.125	4.1	209.4946912	314.1282355	314.9461846	
2060	796.3933333	21.15666667	25.13	4.133333333	207.8930758	314.1069904	314.9233006	-1.274027465
2061	796.33	21.15	25.13	4.1	207.5946912	314.1070196	314.9230923	0.000876106
2062	796.22	21.15	25.13	4.1	207.1946912	314.1194299	314.9356506	
2063	796.13	21.15	25.13	4.1	207.2946912	314.1295854	314.9459273	
2064	796.05	21.11	25.125	4.05	208.5020989	314.0959174	314.9102698	-0.448739065
2065	795.935	21.125	25.125	4.05	209.0020989	314.1249077	314.9401398	
2067	795.74	21.11	25.13	4.1	210.9946912	314.1309086	314.9458397	0.159964239
2068	795.66	21.11	25.13	4.1	210.5946912	314.1399414	314.9549802	
2070	795.5	21.07	25.13	4.1	210.6946912	314.1153057	314.928627	
2071	795.43	21.07	25.13	4.2	210.8946912	314.1232114	314.9366266	0.026345899
2072	795.325	21.07	25.115	4.1	211.2446912	314.1350715	314.9481422	0.039524447
2073	795.17	21.07	25.11	4	212.0946912	314.152583	314.9656999	0.058357859
2074	795.11	21.055	25.11	4.05	212.7971603	314.1433462	314.9558201	-0.123134471
2075	795	21	25.12	4.1	213.0946912	314.0970474	314.9073427	-0.617317704
2076	794.91	21.04	25.11	4.2	212.8946912	314.1499317	314.9619507	0.176256898
2078	794.7633333	21.01333333	25.11333333	4.233333333	212.2639821	314.1380336	314.9490723	-0.7138531
2079	794.62	21.07	25.12	4.3	211.5946912	314.2147561	315.0289363	0.575282533
2081	794.51	20.97	25.12	4.3	211.8946912	314.1203973	314.9299057	
2082	794.4	21.005	25.13	4.2	212.5446912	314.1702181	314.9818809	0.16606637
2083	794.26	20.93	25.135	4.15	212.342884	314.1059477	314.9143516	-0.857142685
2084	794.21	20.93	25.14	4.1	212.9946912	314.1116031	314.9202347	0.075423926
2086	794.0133333	20.94333333	25.14666667	4.033333333	212.9004793	314.1480946	314.9578446	0.547477558
2088	793.835	20.9	25.145	4.1	210.7446912	314.1219858	314.9298391	-0.391764602
2089	793.72	20.935	25.15	4.1	210.0946912	314.1723923	314.9822417	
2090	793.61	20.86	25.15	4.2	211.7946912	314.10472	314.9111161	-0.225681817
2091	793.54	20.87	25.14	4.1	211.5946912	314.1233279	314.9299759	0.062053915
2092	793.48	20.86	25.14	4.3	211.5946912	314.1194371	314.9256859	-0.003243913
2093	793.4	20.86	25.14	4.3	210.3946912	314.1284953	314.9348509	
2094	793.29	20.845	25.14	4.3	209.3446912	314.1249251	314.930709	
2095	793.16	20.86	25.13	4.2	208.7946912	314.155677	314.9620321	0.102555041
2096	793.125	20.845	25.135	4.35	208.642967	314.1436139	314.9494576	-0.017880666
2097	792.99	20.83	25.14	4.3	208.3946912	314.1428795	314.9483454	-0.00979722
2099	792.85	20.83	25.14	4.2	208.7946912	314.1587432	314.9643958	0.105818734
2100	792.7333333	20.82666667	25.16	4.1	210.4946948	314.1684034	314.974693	0.032219596
2101	792.61	20.79	25.16	4.1	211.4946912	314.1431971	314.9478959	
2103	792.4666667	20.77	25.16	4.2	211.9280243	314.1380705	314.9420041	-0.034203911
2104	792.35	20.76	25.16	4.2	211.9946912	314.1406102	314.9442213	
2105	792.3	20.73	25.16	4.1	212.0946912	314.1142143	314.9164599	-0.088066965
2106	792.16	20.73	25.17	4.1	212.3946912	314.1300903	314.9328409	
2107	792.07	20.73	25.18	4	213.1946912	314.1402982	314.9434876	0.034057618
2108	791.98	20.745	25.175	4.05	214.2527162	314.1665423	314.9704085	0.350223925
2109	791.89	20.73	25.18	4	214.1946912	314.1607185	314.9641476	-0.077721123
2111	791.735	20.69	25.16	4.15	216.2489081	314.1355447	314.9366342	-0.074667732
2112	791.6	20.76	25.16	4.2	216.9946912	314.2257041	315.030315	1.203106585
2113	791.51	20.69	25.15	4.3	217.4946912	314.1610814	314.9621513	-0.215636288
2114	791.47	20.69	25.14	4.2	217.1946912	314.1656222	314.9664267	0.015152091
2115	791.365	20.675	25.135	4.2	217.2446912	314.1615051	314.9615757	
2116	791.28	20.66	25.13	4.2	217.1946912	314.1551179	314.9544287	
2117	791.18	20.695	25.135	4.2	217.5946912	314.2038984	315.0051672	
2119	790.97	20.64	25.135	4.2	217.3946912	314.1689394	314.9678694	
2120	790.93	20.62	25.13	4.2	217.3946912	314.1520958	314.9499701	
2121	790.795	20.62	25.14	4.2	216.6446912	314.1674331	314.9658038	
2123	790.6266667	20.6	25.14333333	4.233333333	215.3002031	314.1651722	314.962922	-0.135840744
2124	790.53	20.55	25.15	4.2	215.5946912	314.122682	314.9184002	-1.276658034
2125	790.43	20.59	25.14	4.2	214.9946912	314.1768303	314.9742602	
2127	790.2766667	20.55	25.15	4.133333333	215.226949	314.1514778	314.9475308	-0.380870363
2128	790.16	20.59	25.14	4.2	214.7946912	314.2075301	315.0053177	0.420979186
2130	789.9733333	20.53	25.14	4.2	214.8280245	314.1645774	314.9597679	
2132	789.785	20.52	25.14	4.3	215.2446912	314.1753036	314.9702695	0.071624316
2134	789.645	20.5	25.14	4.3	216.0946912	314.1698355	314.9640403	
2135	789.51	20.48	25.13	4.3	216.7946912	314.1638001	314.9569222	
2136	789.42	20.48	25.12	4.3	217.1946912	314.1740434	314.9669685	
2137	789.37	20.48	25.13	4.3	217.6946912	314.1797347	314.9730414	
2138	789.24	20.5	25.12	4.3	217.3446912	314.2159352	315.0100427	
2139	789.16	20.45	25.115	4.25	215.1017503	314.1715415	314.9632361	-0.593024146
2140	789.05	20.45	25.095	4.2	212.7446912	314.1840671	314.975276	0.167320541
2142	788.92	20.45	25.09	4.2	211.6946912	314.198873	314.9900953	
2143	788.795	20.435	25.085	4.2	211.1446912	314.1970592	314.9875819	
2144	788.69	20.42	25.08	4.2	210.0446912	314.1929684	314.9827657	
2146	788.55	20.42	25.08	4.2	210.4946912	314.208921	314.9989023	
2147	788.4433333	20.39333333	25.08	4.366666667	211.5320934	314.1925353	314.9814028	-0.019703471
2148	788.31	20.38	25.08	4.4	213.1946912	314.1934611	314.9818772	0.027832332
2149	788.2	20.38	25.08	4.433333333	213.0240153	314.2060011	314.9945616	0.376994994
2151	788.025	20.365	25.075	4.35	211.4958406	314.209898	314.9978267	0.0374917
2152	787.955	20.35	25.075	4.35	211.2464153	314.2018233	314.9891398	
2154	787.81	20.33	25.085	4.3	210.7446912	314.1969497	314.9838322	-0.130258066
2155	787.72	20.31	25.09	4.2	210.4946912	314.1858037	314.9720233	-0.037240807
2156	787.58	20.31	25.09	4.2	210.3946912	314.2017756	314.9881787	
2157	787.4933333	20.3	25.11	4.233333333	210.7970531	314.2009577	314.9876323	-0.024595832
2159	787.335	20.28	25.12	4.3	211.3946912	314.1976121	314.9838699	-0.050306512
2161	787.18	20.245	25.135	4.4	212.1446912	314.1778256	314.963116	-0.132249459
2162	787.09	20.25	25.135	4.5	212.4946912	314.193454	314.9790964	0.052227798
2163	787	20.21	25.13	4.5	212.7946912	314.1608935	314.9446261	
2164	786.875	20.21	25.125	4.5	213.1946912	314.175166	314.9589059	
2165	786.8	20.21	25.12	4.5	213.5946912	314.1837308	314.9674128	
2166	786.695	20.21	25.12	4.6	214.0446912	314.1957234	314.9795427	0.040082995
2168	786.54	20.18	25.12	4.6	214.4946912	314.1812979	314.9639184	
2169	786.4266667	20.19	25.11	4.6	214.8280243	314.2049578	314.9878814	
2170	786.35	20.18	25.11	4.6	214.8946912	314.2030073	314.9855642	
2171	786.26	20.18	25.1	4.6	215.4946912	314.213293	314.9956558	
2172	786.17	20.21	25.1	4.6	215.7946912	314.2557171	315.0395986	
2173	786.07	20.14	25.1	4.65	216.1430783	314.1921615	314.9729075	-0.849890745
2174	785.98	20.14	25.1	4.7	216.6946912	314.2024506	314.9833138	0.137589194
2175	785.89	20.14	25.1	4.7	216.8946912	314.2127411	314.9937217	
2176	785.8	20.11	25.1	4.7	217.1946912	314.190892	314.9705932	
2177	785.7	20.11	25.1	4.65	217.5463041	314.2023282	314.9821596	0.152945809
2178	785.57	20.095	25.1	4.65	218.0936159	314.2011262	314.9804291	
2180	785.405	20.11	25.1	4.7	218.4946912	314.2360761	315.0162918	0.934823415
2181	785.34	20.08	25.11	4.7	218.7946912	314.2113676	314.9905828	
2183	785.13	20.06666667	25.10666667	4.7	218.9280245	314.221113	314.9998783	
2185	784.92	20.04	25.11	4.6	218.8946912	314.216575	314.9944781	-0.030352085
2186	784.84	20.04	25.11	4.65	218.8441535	314.2257349	315.003742	0.122531101
2187	784.765	20.025	25.11	4.6	219.2946912	314.2182466	314.9956548	-0.100175973
2188	784.71	20.01	25.11	4.6	219.6946912	314.2084682	314.9852521	
2189	784.56	20.01	25.12	4.7	219.8946912	314.2256481	315.0029362	0.057459456
2190	784.47	19.975	25.12	4.65	220.0441535	314.1984418	314.9742241	-0.364018405
2192	784.34	19.98	25.12	4.6	220.0946912	314.2186945	314.9948773	0.541951807
2193	784.2	19.94	25.12	4.6	219.9946912	314.1918571	314.9663695	
2194	784.13	19.96	25.12	4.65	220.1452288	314.221319	314.9968478	0.39421861
2195	784.02	19.94	25.12	4.7	220.2946912	314.2124857	314.9872314	-0.118202638
2196	783.97	19.91	25.13	4.7	220.3946912	314.1860544	314.9597857	
2197	783.8433333	19.91	25.13333333	4.7	220.2946912	314.2005742	314.9745722	
2199	783.645	19.89	25.14	4.7	219.9446912	314.2018709	314.9754065	
2201	783.4866667	19.88666667	25.14	4.7	219.4280245	314.2164555	314.9900422	
2202	783.38	19.84	25.14	4.7	219.3446912	314.1786495	314.9502201	
2203	783.29	19.84	25.14	4.7	219.2946912	314.1889735	314.9606603	
2205	783.14	19.84	25.15	4.7	219.1946912	314.2061834	314.9783712	
2206	783.06	19.84	25.15	4.7	218.9946912	314.2153637	314.987655	
2207	782.935	19.81	25.15	4.7	218.8446912	314.1975357	314.9686052	
2208	782.82	19.81	25.15	4.7	218.5946912	314.2107359	314.981954	
2209	782.735	19.795	25.15	4.7	218.5946912	314.2044056	314.9750423	
2210	782.64	19.78	25.15	4.7	218.7946912	314.1992239	314.9692926
2211	782.55	19.77	25.16	4.7	218.7946912	314.1988319	314.9688625
2212	782.4566667	19.76666667	25.15666667	4.7	218.7946912	314.2059746	314.9758703
2214	782.3	19.74	25.16	4.7	218.7946912	314.1953632	314.9643363
2215	782.19	19.77	25.16	4.7	218.8946912	314.2401832	315.0106787
2216	782.115	19.74	25.155	4.7	218.9446912	314.2166168	314.9856755
2217	782	19.71	25.15	4.7	218.9946912	314.1976458	314.9653218
