ALT	PRESS	TEMP	RH	SPEED	DIR	POTT	VIRPOT	Ri
1314	867.7	29.07	15.52	1.6	258.8946912	314.7382287	315.4512232	
1315	867.62	28.914	15.274	1.04	253.6653139	314.5840623	315.2796351	-0.015957625
1316	867.575	28.7	15.06	0.7	246.7446912	314.365856	315.0434167	-0.06131566
1317	867.46	29.25	15.65	1.9	257.389428	314.9506014	315.6772353	0.013166675
1319	867.245	29.43	15.78	2.2	256.2674175	315.1604141	315.9008631	0.151089015
1320	867.13	29.57	15.88	2.4	256.8946912	315.3181938	316.0694171	0.127762638
1321	867.03	29.61	15.93	2.4	257.6946912	315.3702605	316.1256784	
1322	866.95	29.7	15.98	2.6	257.8946912	315.4723344	316.2340982	0.082619176
1323	866.9	29.835	16.08	3	257.1430245	315.6181671	316.3906513	0.029496322
1324	866.81	29.93	16.18	3.2	257.5946912	315.7265031	316.5080981	0.087621283
1325	866.72	29.93	16.23	3.3	257.5946912	315.7358792	316.5199975	0.030333429
1326	866.565	30.065	16.295	3.65	257.7481159	315.8926741	316.6861685	0.041390371
1328	866.37	30.16	16.4	3.7	258.5946912	316.0119859	316.8151431	3.085608281
1329	866.29	30.21	16.43	3.9	258.7946912	316.0724272	316.8794343	0.048839374
1330	866.15	30.21	16.47	3.9	259.4946912	316.0870376	316.896183	
1331	866.1	30.3	16.51	4	259.6946912	316.1860337	317.0013506	0.319878739
1332	866.01	30.39	16.555	4.25	259.0946912	316.2892114	317.111039	0.053326631
1333	865.88	30.49	16.59	4.4	258.9946912	316.4069964	317.2353992	0.169045342
1334	865.76	30.53	16.63	4.5	258.7946912	316.4612222	317.2936562	0.175082912
1336	865.57	30.63	16.63	4.6	258.5946912	316.5853032	317.4227013	0.800996832
1338	865.435	30.63	16.705	4.7	258.8946912	316.5994265	317.4407754	0.0911717
1339	865.34	30.72	16.7	4.8	259.3946912	316.7031675	317.5486772	0.334747614
1340	865.235	30.795	16.76	4.85	260.097784	316.7923289	317.644617	1.150526743
1341	865.12	30.97	16.78	5	260.8946912	316.9867762	317.8487077	0.278630891
1343	864.95	31.01	16.78	5.2	261.2946912	317.0462879	317.9103932	0.095923486
1344	864.84	31.085	16.7	5.25	260.8937388	317.136001	317.9997799	1.156542842
1345	864.75	31.085	16.655	5.4	260.6446912	317.1454402	318.0070107	0.013520653
1347	864.51	31.11	16.6	5.4	260.9946912	317.1966813	318.056936	
1349	864.3366667	31.17333333	16.52666667	5.5	261.5280245	317.2809027	318.1406513	0.542715388
1350	864.27	31.2	16.44	5.5	261.3946912	317.3157046	318.1723196	
1352	864.0533333	31.20333333	16.41666667	5.6	261.1946927	317.3419352	318.1977804	0.16901097
1354	863.82	31.16	16.41	5.6	260.0946912	317.3212622	318.1749781	
1356	863.65	31.2	16.41	5.6	259.5946912	317.3808375	318.2367054	
1357	863.5966667	31.17333333	16.36666667	5.633333333	258.0242736	317.3586343	318.2110293	-0.64383905
1359	863.34	31.16	16.325	5.7	256.4446912	317.3717096	318.2216311	0.189584096
1361	863.22	31.16	16.33	5.7	255.8946912	317.384327	318.234666	
1362	863.075	31.13	16.325	5.65	256.4424788	317.3682857	318.2171164	-0.206767281
1365	862.81	31.11	16.31	5.6	257.1946912	317.3752985	318.2227388	0.271194862
1366	862.705	31.135	16.31	5.65	258.4460186	317.4124239	318.2611975	0.478526208
1367	862.62	31.06	16.31	5.6	258.6946912	317.3431311	318.1884313	-0.893365816
1368	862.55	31.16	16.31	5.7	258.5946912	317.4548161	318.3049906	0.359859862
1369	862.4433333	31.11	16.29333333	5.933333333	258.6901992	317.4138831	318.2609358	-0.024228689
1370	862.33	31.01	16.27	6	257.1946912	317.3214864	318.1627131	-0.670180753
1372	862.14	31.06	16.27	5.9	256.1946912	317.3936522	318.2375033	0.465203473
1374	861.94	31.06	16.265	5.75	254.5990391	317.4147133	318.2585652	0.060340766
1375	861.82	31.01	16.26	5.6	252.3446912	317.3751806	318.2165515	-0.056640534
1376	861.74	31.01	16.26	5.7	251.2946912	317.3836069	318.2250816	0.027163837
1377	861.65	31.01	16.23	5.9	251.8946912	317.3930877	318.2331265	0.007640798
1378	861.56	30.96	16.23	6.1	252.7946912	317.3503929	318.1881802	-0.034414327
1379	861.47	30.96	16.26	6.2	252.5946912	317.3598747	318.1993271	0.030571403
1381	861.28	31.01	16.26	6.3	253.9946912	317.4320778	318.2741499	0.465520278
1383	861.07	31.01	16.24	5.9	251.7946912	317.4542169	318.2955258	0.008921188
1384	861.01	31.01	16.2	5.8	251.6946912	317.4605436	318.2998581	0.020395397
1385	860.85	30.92	16.18	5.7	251.5946912	317.3834771	318.2177126	-0.248511811
1388	860.59	30.96	16.2	5.6	252.9946912	317.4526529	318.2901444	0.66911324
1389	860.49	30.935	16.19	5.65	253.8982311	317.437106	318.2730289	-0.20052321
1390	860.39	30.92	16.15	5.6	253.5946912	317.4319981	318.2652785	-0.065883854
1391	860.25	30.87	16.13	5.9	255.1946912	317.3945724	318.2246534	-0.013411594
1392	860.16	30.97	16.11	6.1	255.9946912	317.5084723	318.3423351	0.091806486
1393	860.13	30.92	16.12	5.95	255.4946912	317.4594378	318.2915044	-0.070274957
1394	859.99	30.91	16.11	6	256.5946912	317.4637766	318.2950373	0.055966102
1396	859.79	30.845	16.09	5.85	257.8391354	317.4170254	318.2444672	-0.134038327
1397	859.68	30.92	16.09	5.8	259.1946912	317.5069548	318.3380506	1.159960031
1398	859.63	30.92	16.08	5.9	260.9946912	317.5122364	318.3428799	0.017031384
1399	859.54	30.82	16.11	6	261.0946912	317.4173205	318.2449413	-0.306170422
1401	859.37	30.845	16.08	6.05	260.6467573	317.461385	318.2888496	1.137017267
1402	859.24	30.82	16.07	6	259.8946912	317.4490124	318.2749613	-0.159640111
1403	859.14	30.82	16.07	6.2	259.9027559	317.4595796	318.2856562	0.008521624
1405	858.97	30.82	16.04	6.5	260.5946912	317.4775474	318.3022987	0.012879708
1406	858.82	30.82	16.08	6.6	259.3946912	317.4934051	318.320405	0.051152293
1407	858.73	30.82	16.08	6.5	257.7946912	317.5029215	318.3300366	0.030696891
1408	858.645	30.795	16.07	6.4	254.6946912	317.4857966	318.3113391	-0.055244233
1410	858.46	30.82	16.05	6.3	252.1946912	317.5314782	318.3573952	0.294710389
1411	858.36	30.745	16.06	6.25	250.689891	317.4637092	318.2867729	-0.874625532
1412	858.265	30.72	16.07	6.45	249.8970168	317.4476415	318.2701756	-0.012961697
1414	858.08	30.77	16.085	6.35	250.8946912	317.5194514	318.3453198	0.463350965
1415	857.95	30.68	16.11	6.3	251.8946912	317.4391794	318.2622997	-1.036211496
1416	857.865	30.68	16.13	6.3	253.9946912	317.4481746	318.2724253	
1418	857.67	30.68	16.13	6.3	255.7946912	317.468815	318.2933146	
1419	857.58	30.72	16.11	6.3	257.3946912	317.5201402	318.3455969	
1420	857.48	30.655	16.095	6.15	258.6385933	317.462808	318.2845983	-0.082238656
1421	857.39	30.63	16.11	6.2	260.8946912	317.4462137	318.2677224	-0.214246785
1423	857.22	30.59	16.11	6.4	264.7946912	317.4224155	318.2422838	-0.038411895
1424	857.14	30.68	16.16	6.4	262.7946912	317.524945	318.3516568	
1425	856.99	30.58	16.15	6.1	267.3946912	317.4363263	318.2580584	-0.031787017
1426	856.96	30.58	16.13	6.3	266.4946912	317.4395045	318.2602571	0.002564985
1427	856.87	30.63	16.13	6.2	268.3946912	317.5012983	318.32449	0.199452936
1428	856.77	30.54	16.16	6.2	269.1946912	317.4178281	318.2384903	
1429	856.6133333	30.61333333	16.12	6.233333333	268.2262341	317.5110823	318.3333157	2.709131163
1430	856.5	30.58	16.08	6.2	267.2946912	317.4882544	318.3070466	-0.663245663
1432	856.36	30.53	16.07	6.3	265.7946912	317.4508307	318.2669795	-0.24166573
1433	856.23	30.54	16.05	6.3	265.5946912	317.4750686	318.2908274	
1434	856.13	30.54	16.05	6.2	264.5946912	317.4856737	318.3015591	0.034240642
1435	856.1	30.58	16.04	6.3	265.5946912	317.5306731	318.3479354	0.145269079
1436	855.99	30.535	16.085	6	262.4946912	317.4952963	318.3129072	-0.012691339
1438	855.785	30.535	16.13	6	260.0446912	317.5170461	318.3372052	
1440	855.58	30.51	16.11	5.8	257.7998636	317.512662	318.3309066	-0.007078138
1442	855.37	30.54	16.12	5.6	257.8946912	317.5663252	318.3867361	0.08663043
1443	855.28	30.44	16.12	5.5	258.8946912	317.4713097	318.287205	-0.306874842
1444	855.1833333	30.47333333	16.14	5.6	262.7947274	317.5164313	318.3350045	0.145714993
1445	855.06	30.48	16.21	5.6	268.1946912	317.5365009	318.359092	
1446	854.98	30.49	16.24	5.6	266.1946912	317.5554564	318.3801389	
1447	854.88	30.465	16.175	5.8	270.8393824	317.5399332	318.360281	-0.012532947
1449	854.72	30.44	16.13	5.8	271.2893824	317.5307845	318.3478964	
1451	854.53	30.44	16.13	5.8	271.0893824	317.5509749	318.368328	
1452	854.44	30.42	16.11	5.95	269.2921702	317.5396204	318.3551504	-0.016299748
1453	854.33	30.395	16.1	5.95	267.3484728	317.5251617	318.339172	
1456	854.09	30.37	16.105	5.75	265.2016482	317.5245238	318.3379385	-0.00154552
1457	853.94	30.35	16.09	5.7	263.8946912	317.5195506	318.3314773	-0.064266888
1458	853.86	30.44	16.12	5.7	263.7946912	317.6222185	318.4399163	
1459	853.7666667	30.35	16.08333333	5.833333333	262.4935483	317.5379859	318.3497949	-0.153072933
1461	853.6	30.35	16.14	6	261.4946912	317.5557165	318.3705971	0.041243241
1462	853.49	30.3	16.14	6	260.6946912	317.5151037	318.327819	
1463	853.38	30.325	16.115	6.1	260.1946912	317.5529684	318.3657137	0.122339134
1465	853.21	30.325	16.115	6.05	259.2451044	317.5710628	318.3840231	0.46769828
1467	852.97	30.35	16.06	6.066666667	260.8661001	317.6227788	318.4344157	12.02967087
1468	852.85	30.3	16.04	6.1	265.2946912	317.583231	318.3917158	-1.150090233
1470	852.68	30.26	16.04	6.2	268.2946912	317.559473	318.3663414	-0.15355524
1471	852.61	30.3	16.06	6.3	269.9946912	317.6087957	318.4185912	0.159372824
1472	852.52	30.255	15.995	6.3	271.6393824	317.571284	318.3758613	
1473	852.39	30.26	15.95	6.3	273.5893824	317.5903687	318.3930722	
1475	852.23	30.21	15.925	6.15	274.9861303	317.5550808	318.354458	-0.101384031
1476	852.11	30.185	15.92	6.2	276.9006733	317.5416992	318.3398432	-0.173021735
1478	851.98	30.21	15.91	6.5	277.4893824	317.5817279	318.3806633	0.028751141
1479	851.845	30.185	15.91	6.55	276.737474	317.5699481	318.3679202	-0.152310293
1480	851.7	30.16	15.86	6.7	275.9893824	317.5592356	318.3537532	-0.015391258
1481	851.65	30.21	15.84	6.7	275.4893824	317.6169175	318.412747	
1482	851.57	30.16	15.8	6.7	274.9893824	317.5730997	318.3647719	
1484	851.39	30.12	15.765	6.85	274.0893824	317.550417	318.3387677	-0.065187775
1486	851.17	30.135	15.76	6.95	273.7908212	317.5895962	318.378638	0.253331381
1487	851.08	30.07	15.76	6.7	272.8893824	317.5311332	318.3173827	-0.030248068
1488	850.99	30.07	15.76	6.7	272.5893824	317.5407373	318.3270971	
1489	850.895	30.07	15.735	6.4	270.0526646	317.5508763	318.3361051	0.003642921
1490	850.78	30.02	15.72	6.4	270.9893824	317.5107866	318.2931859	
1491	850.72	30.07	15.73	6.4	272.1893824	317.5695572	318.3547509	
1492	850.63	30.02	15.72	6.3	273.3862078	317.5267987	318.3093811	-0.1382899
1495	850.275	30.025	15.735	6.55	272.9878556	317.5699459	318.3539315	0.06698147
1496	850.22	29.98	15.71	6.85	274.2966824	317.5286836	318.3094951	-0.014829839
1498	850	29.93	15.71	6.9	276.7893824	317.4998071	318.2786742	-0.747361489
1499	849.94	29.95	15.715	6.95	279.0440588	317.5271695	318.3072422	0.354063332
1501	849.73	29.84	15.73	6.9	281.1893824	317.4343664	318.2105788	-2.402580551
1502	849.66	29.84	15.725	6.9	280.8937302	317.4418457	318.2178963	
1503	849.54	29.88	15.78	6.6	279.8893824	317.4965788	318.2772601	0.019677751
1504	849.42	29.79	15.74	6.4	280.0893824	317.4151059	318.1899851	-0.06592506
1506	849.29	29.79	15.76	6.85	278.3251482	317.4290008	318.2050223	0.004441806
1507	849.15	29.84	15.69	7	275.5893824	317.4963616	318.271302	0.096883544
1508	849.11	29.75	15.73	7	276.4893824	317.4063289	318.1793331	
1509	848.96	29.80666667	15.69	7.233333333	271.5573793	317.481751	318.255456	0.044835166
1510	848.92	29.75	15.66	7.1	263.1946912	317.4266446	318.1964375	-0.100341099
1511	848.75	29.75	15.63	7	259.4946912	317.4448269	318.2133493	0.058857554
1512	848.65	29.75	15.61	6.8	255.5946912	317.4555245	318.2231835	0.008657293
1514	848.51	29.75	15.62	6.5	252.8946912	317.4705039	318.2388229	0.01077548
1516	848.33	29.7	15.62	6.7	251.7946912	317.4373595	318.2037152	-0.053654626
1517	848.24	29.7	15.64	6.7	253.9946912	317.4469918	318.2144368	
1518	848.15	29.7	15.62	6.9	255.4946912	317.4566254	318.2231969	0.00779753
1519	848.05	29.725	15.65	7	257.9446912	317.4935375	318.2627931	0.119497618
1522	847.73	29.75	15.635	6.85	258.296151	317.5540188	318.3240146	0.261044468
1523	847.615	29.77	15.63	6.75	257.8946912	317.5873086	318.3580717	0.107754886
1525	847.44	29.75	15.6	6.55	259.1427828	317.5850944	318.3537154	-0.003583774
1527	847.27	29.75	15.6	6.5	260.6946912	317.6033175	318.3721431	0.471918108
1528	847.175	29.725	15.575	6.35	261.7939038	317.5872884	318.3539068	-0.023063007
1529	847.08	29.635	15.585	6.2	261.5446912	317.5030998	318.2664115	-0.121168707
1530	846.94	29.61	15.59	6.2	261.0946912	317.491893	318.2545327	
1531	846.885	29.635	15.595	6.25	260.3914911	317.5240067	318.2880415	0.415978594
1533	846.72	29.61	15.6	6.4	259.3946912	317.5154837	318.2788757	-0.024535691
1535	846.54	29.61	15.57	6.5	258.8946912	317.534791	318.2969299	0.125057111
1536	846.45	29.57	15.585	6.65	257.4405557	317.5024934	318.2637414	-0.046494421
1537	846.2633333	29.55	15.57	6.533333333	257.0293849	317.5015435	318.261417	-0.002260646
1540	846.05	29.52	15.56	6.5	255.2946912	317.4929691	318.251314	-0.749986076
1541	845.96	29.52	15.56	6.6	254.9946912	317.5026291	318.261081	0.031293979
1542	845.82	29.545	15.53	6.45	257.1908151	317.5438846	318.3021174	0.059394843
1544	845.68	29.545	15.54	6.4	260.6946912	317.5589184	318.3178061	0.38958929
1545	845.585	29.52	15.49	6.5	266.4654643	317.5428932	318.2983773	-0.051914425
1546	845.41	29.48	15.51	6.55	268.4847658	317.519723	318.2746711	-0.300284184
1548	845.2533333	29.47666667	15.46	6.533333333	274.2960753	317.533056	318.2856127	3.110337858
1551	845.01	29.47	15.46	6.6	276.1893824	317.5522091	318.3047678	0.4188883
1552	844.92	29.52	15.46	6.5	275.5893824	317.6143515	318.3691597	0.201313401
1553	844.75	29.43	15.46	6.6	275.5893824	317.5381814	318.2893365	-0.246829928
1554	844.69	29.43	15.44	6.55	275.9878556	317.5446321	318.2948861	0.083613886
1555	844.57	29.39	15.48	6.5	275.4893824	317.5155552	318.2661846	-0.376945484
1556	844.48	29.43	15.46	6.5	274.4893824	317.5672141	318.3186877	
1557	844.39	29.43	15.48	6.3	270.0893824	317.5768943	318.3294464	0.007842204
1558	844.315	29.41	15.485	6.2	270.1055396	317.5639705	318.3159983	-0.041882566
1560	844.13	29.365	15.465	5.9	267.4489285	317.536639	318.2859928	-0.019686016
1562	843.97	29.34	15.47	5.8	265.9946912	317.527612	318.2763306	-0.058521425
1563	843.845	29.365	15.455	5.95	266.646792	317.5673079	318.3165126	0.057183365
1565	843.61	29.34	15.42	6.1	267.4946912	317.5663594	318.3130805	-0.002732967
1566	843.57	29.275	15.41	6.35	265.9395729	317.5024254	318.2459532	-0.0331656
1568	843.39	29.3	15.4	6.45	263.8892646	317.548052	318.2923662	0.295834412
1569	843.3	29.34	15.39	6.6	263.0946912	317.5997422	318.3453739	0.074467747
1570	843.13	29.25	15.39	6.5	261.4946912	317.5235545	318.2655745	-0.247033811
1571	843.08	29.25	15.38	6.6	262.2946912	317.5289401	318.2705363	0.017462477
1572	842.97	29.23	15.36	6.5	260.9446912	317.5197884	318.2597053	-0.029675862
1573	842.86	29.25	15.32	6.5	264.4946912	317.5526417	318.2916004	
1574	842.77	29.25	15.34	6.5	262.6946912	317.56234	318.3023682	
1575	842.68	29.21	15.32	6.4	266.0946912	317.5300328	318.2675193	-0.104767933
1576	842.63	29.21	15.31	6.1	269.0946912	317.5354214	318.2724845	0.001941608
1577	842.53	29.16	15.29	6	270.8893824	317.4936886	318.2278112	-0.135356576
1578	842.41	29.16	15.28	6.1	273.6893824	317.5066227	318.2404037	0.041950567
1579	842.335	29.14	15.24	6.05	276.7827704	317.4937019	318.2248151	-0.167639938
1580	842.24	29.12	15.19	5.8	279.0893824	317.4829369	318.2109305	-0.005587189
1581	842.09	29.185	15.16	5.7	279.1393824	317.5673849	318.296808	0.273876332
1583	841.97	29.12	15.19	5.8	279.7893824	317.512051	318.2403541	-0.358987621
1585	841.745	29.12	15.145	5.95	279.4229951	317.536322	318.2627249	0.069983181
1586	841.64	29.12	15.12	6.1	277.4893824	317.5476513	318.272975	0.016333417
1588	841.46	29.08	15.1	6.3	275.8893824	317.5250529	318.2479732	-0.036657581
1589	841.37	29.08	15.08	6.3	273.7893824	317.5347665	318.2568317	
1590	841.28	29.075	15.06	6.1	271.6074174	317.5392282	318.2602326	0.003618742
1591	841.14	29.08	15.02	6.1	267.2946912	317.5595964	318.2790494	
1592	841.05	29.08	15.02	6.3	265.3946912	317.5693148	318.2888699	0.00788227
1593	840.98	29.05	15.045	6.55	264.7443095	317.5453514	318.2649524	-0.012440194
1595	840.805	29.03	15.06	6.25	263.8010916	317.5432353	318.2629316	-0.001525901
1596	840.66	28.99	15.08	6.3	263.1946912	317.516863	318.2360383	-0.342335784
1597	840.57	28.99	15.08	6.3	262.8946912	317.5265857	318.2458631	
1598	840.48	28.99	15.08	6.4	263.3946912	317.5363097	318.2556892	0.031556576
1599	840.4	28.99	15.04	6.5	264.0875206	317.5449545	318.2625163	0.028054421
1601	840.19	28.99	15.02	6.3	265.3946912	317.5676516	318.2844967	0.036828724
1603	840.065	28.92	15.02	6.4	268.0087548	317.507588	318.2217186	-0.389930571
1604	839.92	28.94	15	6.3	271.0893824	317.5442867	318.2584436	0.119115335
1605	839.88	28.94	15	6.4	270.1893824	317.5486119	318.2628139	0.014038567
1606	839.79	28.94	14.98	6.3	270.6893824	317.5583446	318.2716956	0.031589919
1607	839.66	28.9	14.98	6.4	270.8893824	317.5303552	318.2422269	-0.090858997
1609	839.48	28.86	14.98	6.3	271.4893824	317.5077732	318.2182245	-0.146630402
1610	839.39	28.88	14.95	6.35	273.592532	317.5385362	318.2484749	0.399477127
1611	839.25	28.81	14.95	6.3	274.5893824	317.480087	318.1873527	-0.759176256
1612	839.18	28.9	14.925	6.15	276.1340976	317.5822889	318.2920847	0.147452131
1613	839.07	28.86	14.93	6.1	276.2893824	317.5521372	318.2606758	-0.391565343
1614	838.98	28.9	14.91	6	277.3893824	317.6039391	318.3132456	0.168159194
1615	838.94	28.9	14.9	5.9	278.0893824	317.60827	318.3171456	0.014058797
1616	838.79	28.86	14.91	6.1	278.8893824	317.5824505	318.2903531	-0.020956503
1617	838.7	28.855	14.89	6.45	279.9901576	317.5869389	318.2937908	0.001189575
1619	838.56	28.86	14.89	6.4	279.6893824	317.6073605	318.3145705	0.530410853
1620	838.41	28.79	14.875	6.35	278.6437132	317.5499922	318.2538406	-0.745186772
1622	838.24	28.81	14.885	6.25	276.9437825	317.5894446	318.29476	0.256216976
1623	838.14	28.73	14.88	6.4	275.9893824	317.5161376	318.2181153	-0.1058235
1624	838.055	28.79	14.865	6.6	273.7552932	317.5884571	318.2922272	0.058712177
1625	837.94	28.77	14.84	6.5	270.9893824	317.5798849	318.2817977	-0.027838893
1626	837.82	28.77	14.83	6.3	269.1946912	317.5928934	318.2944663	0.010561577
1627	837.81	28.77	14.83	6.1	267.4946912	317.5939776	318.2955616	0.000880219
1629	837.61	28.75	14.85	6.05	266.5930383	317.5946243	318.2965751	0.016804779
1630	837.5	28.73	14.84	6.2	266.4946912	317.5855135	318.2863132	-0.013152166
1631	837.385	28.725	14.845	6.25	267.239491	317.5927263	318.2936897	0.093711689
1633	837.23	28.7	14.81	6.2	264.7946912	317.5832382	318.2817229	-0.246565964
1635	837.05	28.73	14.8	6.4	264.5946912	317.6343342	318.333743	0.082980512
1636	836.93	28.66	14.805	6.4	263.6446912	317.5737025	318.2706895	
1637	836.81	28.68	14.79	6.3	262.9946912	317.6077721	318.3049809	0.110677008
1638	836.73	28.68	14.79	6.35	262.7450849	317.6164566	318.3137538	0.112849129
1639	836.615	28.62	14.795	6.5	263.3946912	317.565802	318.2610757	-0.073149875
1640	836.56	28.64	14.79	6.5	264.4946912	317.5928203	318.2887139	
1641	836.45	28.64	14.77	6.5	264.8946912	317.6047648	318.2998385	
1642	836.34	28.615	14.785	6.35	265.0435101	317.5904005	318.2853085	-0.020743713
1643	836.23	28.59	14.8	6.2	265.0946912	317.5760358	318.2707773	-0.020745988
1644	836.19	28.59	14.81	6	265.2946912	317.5803805	318.2756355	0.003529569
1645	836.05	28.6	14.8	5.8	267.1946912	317.6061146	318.3014514	0.020905212
1646	835.96	28.55	14.82	6	266.5946912	317.5632646	318.2576542	-0.034815151
1647	835.92	28.59	14.79	5.8	267.4946912	317.6097143	318.3043276	0.037734903
1648	835.785	28.55	14.79	5.85	266.8964006	317.5822803	318.2754565	-0.356638163
1649	835.65	28.55	14.79	5.8	265.5946912	317.5969527	318.2902772	0.190738959
1650	835.56	28.55	14.79	5.9	265.4946912	317.6067361	318.3001596	0.031795697
1651	835.47	28.55	14.77	6.2	264.4946912	317.6165209	318.3091055	0.003533345
1652	835.38	28.55	14.77	6.2	264.8946912	317.626307	318.3189905	
1654	835.235	28.505	14.78	6.25	263.0466912	317.5946985	318.28623	-0.821933734
1655	835.15	28.51	14.76	6.2	261.6946912	317.6092073	318.3000936	0.188637248
1656	835.05	28.485	14.77	6.2	259.9946912	317.5937619	318.2842388	
1657	834.905	28.465	14.76	6.1	255.0946912	317.5884767	318.2778563	-0.01718174
1658	834.87	28.46	14.76	6.2	251.3946912	317.5870198	318.2762408	-0.004736093
1659	834.76	28.46	14.77	6.1	249.1946912	317.5989883	318.2887966	0.038908702
1660	834.65	28.42	14.77	5.9	247.8946912	317.5688368	318.2571898	-0.02450838
1661	834.57	28.46	14.75	5.9	247.5946912	317.6196659	318.308748	
1662	834.47	28.38	14.74	5.8	246.8946912	317.546302	318.2318835	-0.238564155
1663	834.38	28.42	14.76	5.8	247.3946912	317.5982237	318.2864055	
1664	834.29	28.38	14.73	5.75	247.0972999	317.5658947	318.2512069	-0.420507465
1665	834.16	28.42	14.71	5.9	247.9946912	317.6221776	318.3082678	0.081331426
1666	834.11	28.34	14.7	6	251.1946912	317.543363	318.2259119	-0.256322301
1667	833.98	28.42	14.71	5.8	249.9946912	317.6417823	318.3280687	0.079999066
1668	833.89	28.34	14.71	6	252.1946912	317.5673206	318.2505724	-0.060541484
1669	833.76	28.38	14.7	6.3	254.6946912	317.623616	318.3081084	0.020340117
1670	833.67	28.38	14.7	6.45	259.7349997	317.6334225	318.3180127	0.014172628
1671	833.62	28.38	14.66	6.5	260.3946912	317.6388711	318.3216527	0.070870792
1672	833.49	28.38	14.68	6.5	260.5946912	317.6530394	318.3368938	
1673	833.4	28.34	14.68	6.5	261.6946912	317.6207098	318.3030992	
1674	833.31	28.29	14.67	6.6	260.9946912	317.5778435	318.2579179	-0.139433565
1675	833.22	28.34	14.67	6.6	260.1946912	317.6403322	318.322452	
1677	833.0566667	28.34	14.66333333	6.9	261.633821	317.6581426	318.3401295	0.012871837
1678	832.98	28.29	14.66	7.2	259.6946912	317.6138213	318.2937888	-0.016018517
1679	832.89	28.29	14.64	7.1	259.2946912	317.6236366	318.3027736	0.031926816
1680	832.8	28.29	14.62	7.1	259.2946912	317.6334533	318.3117596	
1681	832.67	28.29	14.65	7.2	259.1946912	317.6476353	318.327474	0.046130756
1682	832.58	28.23	14.62	7.15	257.2429429	317.5942273	318.2704456	-0.695031949
1683	832.53	28.27	14.605	7.35	255.3409496	317.6418351	318.3189613	0.038716743
1685	832.26	28.25	14.61	7.25	254.2477947	317.6502253	318.3270994	0.054589821
1686	832.18	28.21	14.6	7	252.8946912	317.6168007	318.2917509	-0.01740017
1687	832.11	28.23	14.59	6.95	251.8939718	317.6455214	318.320857	0.373760657
1688	831.99	28.21	14.6	6.9	251.1946912	317.6375436	318.3126979	-0.103827035
1689	831.915	28.21	14.59	6.7	250.1529004	317.6457333	318.3205057	0.006661538
1690	831.8	28.21	14.6	6.4	249.5946912	317.6582926	318.3336512	0.004540364
1692	831.65	28.14	14.605	6.4	250.0446912	317.600888	318.2739371	
1693	831.55	28.12	14.62	6.5	250.3946912	317.5907276	318.2638041	-0.033068078
1694	831.48	28.16	14.66	6.5	249.7946912	317.6405421	318.3170829	
1695	831.35	28.145	14.67	6.8	253.0138121	317.6389333	318.3154945	-0.000581735
1697	831.17	28.1	14.66	7.1	257.5946912	317.6111617	318.2857155	-0.020086921
1698	831.09	28.08	14.67	7.1	257.8946912	317.5988181	318.2731453	
1699	830.975	28.08	14.695	6.7	255.824545	317.6113881	318.2869882	0.00255723
1700	830.87	28.08	14.74	6.3	252.9946912	317.6228669	318.3006493	0.002335239
1702	830.73	28.04	14.75	6.4	253.0946912	317.5959961	318.2728374	-0.174953415
1703	830.6233333	28.09333333	14.75333333	6.733333333	253.8036024	317.6639003	318.343081	0.019891812
1704	830.5	28.04	14.73	7	254.7946912	317.6211489	318.2973203	-0.019571533
1705	830.39	28.08	14.75	7.2	253.6946912	317.6753654	318.3541269	0.044119064
1706	830.28	28	14.71	7.1	251.5946912	317.6030311	318.2769753	-0.235512626
1707	830.19	28.08	14.71	7.1	248.9446912	317.6972514	318.374388	
1708	830.1	28.04	14.69	7.1	245.6946912	317.6649143	318.3396798	
1709	830.0033333	27.99666667	14.65	6.966666667	242.863105	317.6297898	318.3011531	-0.064329031
1711	829.83	28.04	14.62	7	243.1946912	317.6944712	318.3663107	3.790218288
1712	829.735	28	14.62	6.6	243.3946912	317.6626805	318.3330839	-0.006469186
1714	829.61	27.93	14.63	6.45	243.7001178	317.6025272	318.2708371	-0.174131579
1715	829.5	27.96	14.61	6.4	245.1946912	317.6462197	318.3148817	0.569107596
1716	829.41	27.96	14.59	6.6	246.5946912	317.6560772	318.3239197	0.00802479
1717	829.28	27.91	14.58	6.8	248.6020443	317.6175684	318.2831817	-0.03135453
1719	829.095	27.91	14.54	6.8	248.2446912	317.637836	318.3018193	
1721	828.92	27.87	14.54	6.7	249.2946912	317.6148083	318.2774561	-0.150016038
1722	828.82	27.87	14.545	6.75	251.2532108	317.6257674	318.2887489	0.142787719
1723	828.74	27.83	14.55	6.7	253.3946912	317.5923288	318.2541036	-0.435736122
1725	828.56	27.87	14.57	6.6	254.5946912	317.6542702	318.3186672	0.403523468
1726	828.465	27.85	14.6	6.6	259.2265236	317.6435816	318.3086846	
1728	828.25	27.87	14.61	6.9	262.3946912	317.688269	318.3548201	0.032346666
1729	828.155	27.83	14.59	6.9	268.7787472	317.6564749	318.3206896	
1731	827.95	27.78666667	14.57333333	7.1	271.0095772	317.6332296	318.2952558	-0.037868989
1733	827.76	27.74	14.57	7.1	271.4893824	317.6048207	318.2651268	
1735	827.62	27.74	14.58	6.9	272.4893824	317.6201854	318.2810927	0.025034491
1736	827.53	27.79	14.59	6.85	271.7360976	317.6828462	318.3462017	0.816636621
1737	827.39	27.79	14.59	7	272.0893824	317.6982189	318.361723	0.022260825
1738	827.34	27.765	14.59	6.95	274.1339864	317.6773174	318.3399238	-0.272424991
1739	827.25	27.79	14.59	7	277.1893824	317.713595	318.3772477	0.472793505
1740	827.13	27.725	14.59	7.05	279.7957659	317.6581514	318.3194613	-0.722733044
1741	827.07	27.66	14.58	7.2	282.0893824	317.5961148	318.2545746	-0.089872291
1742	826.98	27.75	14.54	7.4	282.3893824	317.7010249	318.3611728	0.085464897
1744	826.76	27.68	14.53	7.85	284.2912932	317.6512869	318.3085682	-0.016011234
1745	826.71	27.7	14.51	8	284.4893824	317.6779	318.3350829	0.038549264
1746	826.53	27.7	14.49	8	283.1893824	317.6976849	318.3541511	
1747	826.51	27.62	14.49	7.8	282.5893824	317.615403	318.2688831	-0.067059841
1748	826.42	27.64	14.48	7.7	280.8393824	317.646416	318.3002894	0.101095738
1749	826.3	27.58	14.46	7.7	277.8893824	317.5962435	318.2470939	
1750	826.16	27.62	14.435	7.65	274.8344801	317.6538804	318.3052451	0.751585156
1753	825.9233333	27.60666667	14.45	7.866666667	273.2893824	317.6658272	318.3176171	0.024890166
1754	825.8	27.54	14.44	7.9	272.5893824	317.6089776	318.2579564	-1.668412144
1755	825.76	27.58	14.42	7.8	272.3893824	317.6556289	318.3052406	0.152103648
1756	825.66	27.58	14.42	7.8	270.9893824	317.6666317	318.3163475	
1758	825.465	27.56	14.41	7.85	270.2091459	317.6669645	318.3156874	0.008681139
1760	825.2533333	27.54	14.38666667	7.6	270.3358675	317.6691354	318.316284	0.002265217
1762	825.06	27.54	14.34	7.5	271.5893824	317.6904229	318.3356724	0.138831879
1763	824.985	27.48	14.35	7.5	271.5533839	317.6352892	318.2788449	
1764	824.86	27.41	14.34	7.7	272.1893824	317.5750918	318.2157465	-0.049095154
1765	824.7933333	27.48333333	14.34666667	7.566666667	272.5885012	317.6599196	318.303647	0.155623831
1766	824.68	27.45	14.36	7.6	274.9893824	317.6371817	318.2803917	-0.667507774
1769	824.42	27.455	14.395	7.7	277.4893824	317.6711119	318.316344	0.332019501
1770	824.35	27.41	14.41	7.6	277.6893824	317.631271	318.27558	-0.12997234
1771	824.25	27.455	14.43	7.6	279.0393824	317.6898493	318.3368267	
1772	824.11	27.46	14.44	7.5	280.4893824	317.710568	318.3583253	0.067578841
1773	824.08	27.41	14.43	7.4	278.3893824	317.661031	318.3065139	-0.161603612
1774	823.99	27.41	14.46	7.1	276.5893824	317.6709537	318.3178722	0.003596766
1776	823.785	27.39	14.485	7.15	277.3942777	317.672421	318.3199266	0.038294728
1777	823.67	27.41	14.47	7.3	278.8893824	317.706246	318.3539446	0.049043039
1778	823.54	27.33	14.48	7	278.1893824	317.6360209	318.2813287	-0.025461648
1779	823.45	27.37	14.48	6.8	276.2893824	317.6882346	318.3351212	0.04258954
1780	823.4	27.33	14.48	6.6	274.4893824	317.6514659	318.2969188	-0.029995418
1781	823.27	27.37	14.44	6.7	274.1893824	317.7080985	318.3533847	0.184775764
1782	823.17	27.29	14.44	6.7	275.1893824	317.6345578	318.2769867	
1783	823.095	27.33	14.445	6.6	275.6908975	317.6851255	318.329334	0.16500985
1784	822.99	27.29	14.46	6.9	274.7893824	317.6544251	318.2979299	-0.011132601
1785	822.9	27.29	14.48	7.1	273.2893824	317.6643608	318.3088489	0.00810651
1786	822.82	27.37	14.44	7	271.6893824	317.7577825	318.4035358	0.304808267
1787	822.76	27.33	14.44	7	270.8893824	317.7221144	318.3664468	
1788	822.65	27.29	14.44	7.15	270.1893824	317.6919677	318.3349338	-0.043727253
1789	822.58	27.29	14.44	7.1	268.7946912	317.6996991	318.3427377	0.10092877
1790	822.475	27.21	14.44	7.35	269.596732	317.6266995	318.2668946	-0.038128592
1792	822.29	27.31	14.445	6.85	269.6859319	317.7528908	318.3971925	0.032944646
1793	822.18	27.25	14.43	6.3	272.5893824	317.7015931	318.3431227	-0.005535085
1794	822.11	27.21	14.435	6.6	272.5560495	317.6670247	318.307374	-0.012538528
1795	821.975	27.23	14.425	7.1	273.4893824	317.7030986	318.34388	0.004710145
1796	821.91	27.21	14.42	7.05	273.7659823	317.6891305	318.3290203	-0.182393198
1798	821.685	27.17	14.41	7.4	274.388031	317.6716966	318.3099041	-0.009292995
1800	821.55	27.13	14.4	7.6	273.9893824	317.6443122	318.280749	-0.044709442
1801	821.455	27.17	14.4	7.65	274.5397092	317.6971324	318.3351332	0.689807621
1802	821.31	27.17	14.4	7.5	274.1893824	317.7131728	318.3513226	0.023275561
1803	821.24	27.17	14.39	7.25	272.0845545	317.7209177	318.3586962	0.004045795
1804	821.16	27.09	14.375	7.6	269.7986242	317.6451325	318.2794018	-0.02020375
1805	821.06	27.09	14.37	7.7	269.6946912	317.6561965	318.2903473	0.036132244
1806	820.92	27.13	14.36	7.7	266.5946912	317.7140114	318.3493247	
1807	820.86	27.11	14.35	7.5	263.7093597	317.6994914	318.3336933	-0.011853915
1808	820.77	27.07	14.325	7	258.8946912	317.6671297	318.2988625	-0.004227691
1809	820.68	27.13	14.31	6.8	257.0946912	317.7405816	318.3739277	0.059960949
1811	820.54	27.07	14.32	6.9	257.3975897	317.6925935	318.32434	-0.3134554
1812	820.425	27.07	14.315	7.25	258.1960705	317.7053291	318.336972	0.003395431
1813	820.32	27.01	14.3	7.3	257.2946912	317.653462	318.2823738	-0.677721973
1814	820.23	27.09	14.3	7.3	255.6946912	317.7480951	318.3800016	
1815	820.1066667	27.03666667	14.28	7.066666667	250.8852139	317.7053153	318.3345288	-0.025665262
1816	820.02	26.99	14.28	6.95	248.8500872	317.6655262	318.2931391	-0.095498865
1818	819.83	27.01	14.27	6.7	245.7946912	317.7077494	318.3358379	0.044136691
1819	819.74	27.01	14.28	6.8	248.0946912	317.7177251	318.346345	0.032586853
1820	819.65	26.97	14.26	6.8	245.4946912	317.6853611	318.3117473	
1821	819.55	26.95	14.25	6.8	243.8446912	317.6752757	318.300603	
1823	819.36	26.93	14.235	6.8	243.9946912	317.6751694	318.2993106	
1825	819.185	26.95	14.215	7	246.861122	317.7157511	318.3399101	0.066295871
1827	819.04	26.93	14.22	7.1	249.2946912	317.7106617	318.3344674	-0.033259619
1828	818.96	26.89	14.21	6.9	247.7946912	317.6771862	318.2991988	-0.027348868
1829	818.845	26.89	14.205	6.7	247.6946912	317.6899459	318.3118551	0.010424462
1830	818.69	26.89	14.2	6.45	252.3311211	317.7071465	318.3289924	0.008993618
1832	818.52	26.81	14.19	6.7	259.2946912	317.6413012	318.2600211	-0.068875237
1833	818.435	26.83	14.19	6.6	259.1651495	317.6719154	318.2914339	0.10006517
1834	818.33	26.84	14.17	6.8	261.7946912	317.6941624	318.3132694	0.01817844
1836	818.14	26.77	14.19	6.9	262.7946912	317.6411255	318.2587996	-0.346780206
1837	818.06	26.81	14.18	7.1	261.6946912	317.6923738	318.3111174	0.041880131
1838	817.98	26.85	14.17	7.2	263.8537193	317.7436257	318.36344	0.16750971
1840	817.815	26.83	14.165	7.45	267.1007319	317.7407748	318.3598218	-0.002981898
1842	817.6	26.75	14.16	7.4	268.3446912	317.6799262	318.2961218	-1.591532646
1844	817.45	26.77	14.145	7.3	269.5946912	317.7177838	318.3341863	0.247530939
1845	817.38	26.77	14.16	7.4	270.4893824	317.7255655	318.3426916	0.025440318
1846	817.255	26.73	14.145	7.25	271.7383479	317.6970865	318.3122632	-0.041385416
1848	817.0666667	26.71666667	14.12666667	7.2	270.8907712	317.7039022	318.3179965	0.178290041
1850	816.83	26.73	14.12	7.1	271.3893824	317.7443536	318.3588654	0.264525259
1851	816.78	26.65	14.11	7.1	271.7893824	317.6651492	318.2764487	
1852	816.65	26.69	14.12	7.1	271.8893824	317.7219964	318.3352711	
1853	816.595	26.69	14.1	7.05	271.8922193	317.7281166	318.3405772	0.080055041
1855	816.39	26.61	14.12	7	271.9893824	317.6661537	318.2768619	-1.621436802
1856	816.325	26.65	14.11	7.1	271.5393824	317.7157781	318.3275281	0.162298875
1857	816.22	26.65	14.13	6.95	271.6426198	317.7274668	318.340188	0.016990332
1859	816	26.57	14.13	6.8	271.5893824	317.6671733	318.2772903	-0.175329074
1860	815.91	26.57	14.12	7	272.1893824	317.6771945	318.2869687	0.008195916
1862	815.73	26.61	14.12	7.1	272.5893824	317.7396405	318.3510019	0.408519087
1863	815.67	26.59	14.11	7.05	272.5425739	317.7251247	318.335408	-0.189935737
1864	815.575	26.51	14.1	7.1	272.941495	317.6509059	318.2580409	-0.971397209
1865	815.48	26.49	14.1	7	273.1893824	317.6402876	318.2468154	-0.034746296
1867	815.33	26.49	14.1	7.1	273.3893824	317.6569997	318.263675	0.109373671
1868	815.225	26.51	14.09	7.2	275.0497996	317.689904	318.2969527	0.107665278
1869	815.12	26.53	14.09	7.4	277.0893824	317.7228115	318.3306649	0.026917172
1870	815.06	26.53	14.09	7.2	276.6893824	317.7295006	318.3374131	0.005471402
1871	814.89	26.49	14.06666667	7.233333333	275.3700121	317.7060445	318.3117176	-0.690795782
1874	814.685	26.45	14.05	7	273.5893824	317.6864919	318.2902527	-0.035259914
1875	814.59	26.41	14.05	7.1	273.0893824	317.6546716	318.2571321	-0.104153245
1876	814.48	26.45	14.05	7.1	273.8893824	317.7093585	318.3133201	
1877	814.37	26.39	14.035	7.2	274.2893824	317.6580022	318.2593394	-0.168108808
1879	814.1866667	26.39666667	14.02666667	7.133333333	274.3590119	317.6855281	318.2869186	0.405453264
1881	814.02	26.33	14	7	273.5893824	317.6334216	318.2315234	-0.191923391
1882	813.93	26.33	14.01	6.9	272.4893824	317.6434661	318.2420827	0.032886242
1883	813.835	26.39	14.015	7	270.6893824	317.7177114	318.3187135	0.243033253
1884	813.75	26.33	13.99	6.8	268.9946912	317.6635595	318.2614962	-0.044323851
1886	813.56	26.29	13.995	6.5	268.2500759	317.6423439	318.2392976	-0.015437789
1887	813.445	26.29	13.98	6.5	267.9023837	317.6551862	318.2516114	
1888	813.38	26.25	13.99	6.4	267.8946912	317.6200122	318.2155487	-0.115191785
1889	813.24	26.25	13.97	6.7	269.6946912	317.6356493	318.2304698	0.005690019
1890	813.17	26.27	13.98	7.4	272.7339824	317.664688	318.2606905	0.001940671
1891	813.06	26.25	13.98	7.5	272.6893824	317.6557592	318.2511796	-0.029240916
1893	812.88	26.27666667	13.98333333	7.866666667	271.7076319	317.7041694	318.3008249	0.023582243
1894	812.83	26.21	13.96	7.8	267.4946912	317.6390212	318.2324384	-0.480112428
1895	812.74	26.29	13.95	7.8	266.0946912	317.7339681	318.3297958	
1896	812.59	26.25	13.97	7.75	263.0985623	317.7082958	318.3037451	-0.336297788
1897	812.5	26.21	13.96	7.5	261.1946912	317.6759128	318.2696485	-0.016970525
1899	812.335	26.25	13.95	7.6	260.1946912	317.7368157	318.3316592	0.398903374
1900	812.28	26.25	13.945	7.45	259.6456979	317.7429685	318.337652	0.008955493
1901	812.12	26.25	13.93	7.4	259.9946912	317.7608709	318.3550693	0.234515142
1902	812.0266667	26.16	13.93	7.266666667	260.2859775	317.6757936	318.266998	-0.156771276
1903	811.955	26.19	13.925	7.25	261.5464153	317.7156541	318.3077415	4.700374573
1904	811.89	26.14	13.92	7.2	260.9946912	317.6698583	318.2600866	-0.600130056
1905	811.8	26.14	13.92	7.5	262.1946912	317.6799303	318.2702452	0.003666359
1906	811.675	26.155	13.925	7.6	263.2446912	317.7098443	318.3010039	0.097996578
1907	811.605	26.1	13.915	7.85	263.4437358	317.6592973	318.2482234	-0.026499151
1908	811.47	26.17	13.9	8	262.3946912	317.7487206	318.3395281	0.130191772
1909	811.43	26.1	13.89	8	263.8946912	317.6788894	318.2669249	
1910	811.31	26.1	13.89	7.3	260.7672946	317.6923269	318.2804773	0.000898542
1911	811.2	26.06	13.88	7.2	258.4946912	317.6621806	318.2486541	-0.098789345
1912	811.15	26.14	13.9	7.1	259.0651005	317.7527157	318.3428065	0.296603458
1913	811.06	26.06	13.87	7.2	256.8946912	317.6778618	318.2640464	-0.245295507
1914	810.93	26.06	13.88	7.3	256.2946912	317.692426	318.2791575	0.047726914
1916	810.8	26.06	13.88	7.4	256.0946912	317.7069933	318.2938491	0.095473508
1917	810.71	26.06	13.88	7.6	256.2946912	317.7170801	318.3040219	0.008263572
1918	810.59	26.02	13.86	7.5	257.8946912	317.6880554	318.272911	-0.095126085
1919	810.48	25.98	13.85	7.4	257.2946912	317.6579088	318.2410955	-0.098816759
1920	810.38	26.06	13.85	7.4	258.1946912	317.7540772	318.3400656	
1922	810.2166667	25.98	13.84333333	7.266666667	255.8671842	317.6874332	318.2705895	-0.245756394
1924	809.98	25.96	13.83	7.4	254.3946912	317.6927356	318.2748807	0.019554334
1925	809.92	25.98	13.84	7.4	254.0946912	317.7207095	318.3040074	
1927	809.735	25.96	13.83	7.35	254.944351	317.7202239	318.3026017	-0.012734069
1928	809.62	25.94	13.82	7.3	255.9946912	317.7118852	318.2932776	-0.109347124
1929	809.6	25.98	13.82	7	256.1946912	317.7566207	318.3393798	0.016292986
1930	809.47	25.9	13.83	6.9	256.3946912	317.6862293	318.2668386	-0.230795051
1931	809.38	25.9	13.83	6.9	256.4946912	317.696332	318.2770266	
1932	809.27	25.92	13.825	7.25	258.5015884	317.7299295	318.311191	0.008991833
1934	809.095	25.9	13.815	7.3	262.6809912	317.7283335	318.3086681	-0.041862971
1935	808.97	25.94	13.81	7.2	262.5946912	317.7848739	318.3664623	0.18535697
1936	808.905	25.865	13.805	7.1	262.0446912	317.7124869	318.2914068	-0.237366226
1937	808.79	25.87	13.8	7.1	261.3946912	317.7307194	318.3097059	
1939	808.65	25.9	13.78	7	260.7946912	317.7783295	318.3576147	0.312202771
1940	808.5266667	25.80333333	13.78333333	7.066666667	260.829125	317.6894673	318.2657735	-0.655764051
1941	808.455	25.83	13.785	7	260.9446912	317.7258606	318.3031952	0.268542353
1943	808.25	25.75	13.77	7	260.2946912	317.6638836	318.2381154	
1944	808.165	25.75	13.77	7	260.0946912	317.6734388	318.2477504	
1946	808	25.73	13.76	7	258.0446912	317.6707335	318.2441178	
1948	807.8233333	25.73666667	13.75333333	6.9	256.6946897	317.697687	318.2711806	0.176843892
1949	807.75	25.75	13.76	6.9	256.2946912	317.7201088	318.2943927	
1950	807.6	25.71	13.77	6.9	255.9946912	317.6944642	318.2679754	
1951	807.56	25.75	13.76	6.9	255.7946912	317.7414861	318.3159485	
1952	807.48	25.71	13.77	6.9	255.7946912	317.7079663	318.2815901	
1953	807.39	25.71	13.76	6.9	255.9946912	317.7180946	318.2913862	
1954	807.2333333	25.69666667	13.74333333	6.833333333	255.9961546	317.7215532	318.2938547	0.025531963
1956	807.065	25.71	13.72	7.05	257.5968189	317.7546811	318.3266101	0.046304442
1958	806.89	25.67	13.71	7	256.6946912	317.7318578	318.3022096	-0.599114219
1959	806.81	25.64	13.71	7	256.7946912	317.7089684	318.2784035	
1960	806.73	25.635	13.695	6.95	257.043612	317.7126618	318.2813836	0.048482943
1962	806.52	25.6	13.7	6.7	257.6946912	317.6990992	318.2670703	-0.014244134
1963	806.455	25.58	13.69	6.7	257.6424524	317.6851533	318.2521122	-5.80255E+26
1964	806.31	25.62	13.685	6.65	258.3954431	317.744032	318.3122349	0.772915188
1965	806.22	25.56	13.68	6.6	258.9946912	317.6903635	318.2564691	-0.704661917
1967	806.0333333	25.6	13.68	6.533333333	260.1579571	317.753948	318.3215421	0.939090375
1969	805.85	25.52	13.68	6.5	261.1946912	317.6895268	318.2546628	-3.80680576
1970	805.81	25.56	13.67	6.7	261.7946912	317.7365848	318.3026567	0.038616624
1971	805.685	25.505	13.665	6.75	262.5924689	317.6921769	318.2563546	-0.583178032
1973	805.52	25.49	13.67	6.6	263.4946912	317.6948298	318.2588754	0.007742329
1974	805.39	25.49	13.66	6.7	263.2446912	317.709495	318.2732482	0.048149438
1976	805.21	25.485	13.66	6.6	263.3446912	317.724486	318.2882419	0.098439595
1977	805.11	25.45	13.66	6.6	263.0946912	317.6985336	318.2612378	
1978	805.02	25.45	13.66	6.6	264.3946912	317.7086914	318.2714787	
1980	804.89	25.45	13.66	6.5	265.6946912	317.7233663	318.2862736	0.096375801
1981	804.8	25.45	13.66	6.5	266.5946912	317.7335277	318.2965181	
1982	804.68	25.445	13.66	6.5	266.5446912	317.7417582	318.304696	
1984	804.52	25.43	13.665	6.4	267.2446912	317.7438665	318.3066681	0.013847449
1985	804.4	25.43	13.655	6.5	270.1032297	317.7574223	318.3199228	0.04451586
1987	804.25	25.41	13.66	6.6	270.6393824	317.7530853	318.3152772	-0.02848645
1988	804.16	25.37	13.65	6.7	269.4946912	317.720683	318.281243	-0.106427587
1989	804.04	25.37	13.64	6.6	268.6962063	317.734244	318.2945038	0.044542233
1990	803.93	25.33	13.63	6.4	268.4946912	317.7041009	318.2627519	-0.024755063
1991	803.865	25.35	13.635	6.35	267.9065025	317.7327363	318.2923014	0.376244574
1992	803.75	25.37	13.63	6.1	266.6946912	317.7670271	318.3271428	0.018020842
1993	803.66	25.33	13.63	6.2	266.1946912	317.734624	318.2935227	-0.10644447
1994	803.615	25.33	13.625	6.3	265.1946912	317.7397124	318.2984474	0.016715607
1995	803.5	25.335	13.61	6.3	265.4946912	317.7580406	318.316428	
1997	803.3066667	25.3	13.61	6.4	266.4280239	317.7426484	318.300079	-0.101136433
1999	803.12	25.315	13.6	6.45	267.0443036	317.779739	318.3374165	0.974788976
2001	802.96	25.26	13.6	6.35	266.2442975	317.7392851	318.29533	-0.265844177
2002	802.84	25.28	13.595	6.4	265.4946912	317.7741636	318.33076	0.458379538
2003	802.71	25.26	13.6	6.4	264.8946912	317.767584	318.3238575	
2004	802.66	25.22	13.59	6.3	264.1946912	317.7306497	318.2852693	-0.12137419
2005	802.55	25.22	13.605	6.25	262.9514917	317.7431041	318.2984364	0.163712301
2006	802.46	25.26	13.595	6.4	261.2439099	317.7958946	318.3521922	0.077092233
2007	802.35	25.22	13.61	6.5	261.9946912	317.7657542	318.3214733	-0.099047934
2008	802.295	25.205	13.59	6.4	262.9946912	317.7560088	318.3104779	-0.032026998
2009	802.2	25.205	13.58	6.4	262.1446912	317.7667705	318.3209183	
2011	802.03	25.19	13.59	6.4	261.4446912	317.7700556	318.3242832	
2012	801.89	25.19	13.59	6.4	261.1946912	317.7859215	318.3402768	
2013	801.815	25.205	13.585	6.3	260.7946912	317.8104006	318.3651038	0.08044766
2014	801.73	25.16333333	13.58333333	6.3	261.1946866	317.7756519	318.3290228	
2015	801.65	25.15	13.58	6.2	262.6946912	317.7705177	318.323397	-0.01687614
2016	801.57	25.19	13.58	6.3	263.4946912	317.8221998	318.3764391	0.169855712
2017	801.44	25.15	13.59	6.1	263.7946912	317.7943292	318.347807	-0.022902598
2019	801.2933333	25.12333333	13.58333333	6.233333333	265.0695625	317.7825532	318.335036	-0.0435496
2020	801.19	25.13	13.58	6.5	266.3469989	317.801378	318.3540333	0.008701969
2022	801.02	25.13	13.58	6.65	267.2939393	317.8206662	318.3734763	0.056359372
2023	800.94	25.15	13.59	6.8	267.3946912	317.8510556	318.4049895	0.044395342
2024	800.84	25.09	13.59	6.6	268.4446912	317.7984717	318.3505675	-0.043219317
2025	800.735	25.09	13.595	6.5	271.0893824	317.8103897	318.3627842	0.039182184
2027	800.5533333	25.07	13.59333333	6.6	273.3893768	317.8097002	318.3615502	-0.004533785
2029	800.35	25.07	13.6	7	276.9893824	317.8327901	318.3850959	0.009489554
2030	800.26	25.09666667	13.59	7.066666667	276.2591863	317.8714337	318.4242719	0.285848138
2031	800.21	25.07	13.58	7.2	273.3893824	317.8486925	318.4003133	-0.042058216
2032	800.095	25.11	13.58	7.1	272.4393824	317.9043924	318.4574027	0.183109104
2033	799.97	25.04	13.58	7.1	271.1893824	317.8439847	318.3948619	
2034	799.8833333	25.06333333	13.57333333	7.2	270.3560474	317.8787055	318.4301389	0.114160118
2035	799.85	25	13.58	7.2	269.0946912	317.8149837	318.3646895	
2036	799.76	25.04	13.57	7.2	267.1946912	317.8678517	318.4185141	
2037	799.615	25.04	13.57	7.2	267.1287168	317.8843361	318.4351302	6.87114E+26
2038	799.5466667	25.04666667	13.57333333	7.266666667	262.933214	317.899213	318.4504183	0.110063803
2039	799.43	25	13.57	7.3	259.4946912	317.8627287	318.4124105	-1.079852311
2040	799.39	25.04	13.58	7.4	260.9946912	317.9099228	318.4613276	0.155183412
2041	799.24	25	13.58	7.2	258.8946912	317.8843382	318.4345977	-0.021034594
2042	799.18	24.98666667	13.57333333	7.3	257.4281182	317.8769478	318.426565	-0.024305695
2043	799.06	24.93	13.57	7.2	252.5946912	317.8301785	318.3779603	-0.153843287
2044	799.02	25	13.58	7	249.7946912	317.909368	318.4598274	0.065106428
2045	798.92	24.93	13.58	6.7	247.5946912	317.8461064	318.3944187	-0.023121495
2046	798.825	24.93	13.6	6.6	243.8446912	317.8569166	318.4061227	0.035559443
2047	798.7	24.89	13.63	6.9	243.6946912	317.8284874	318.3777383	-0.010392004
2048	798.67	24.96	13.65	7	246.0946912	317.9065502	318.45888	0.256754603
2049	798.56	24.93	13.68	7	246.6946912	317.8870803	318.4397589	
2050	798.445	24.945	13.715	7	245.9989769	317.9161715	318.4708534	
2052	798.265	24.93	13.75	7.1	247.4946912	317.920674	318.4764515	0.029620717
2053	798.15	24.93	13.77	7.3	248.0946912	317.9337741	318.4904658	0.010772874
2055	798.0075	24.93	13.8325	7.225	248.3459023	317.9500102	318.5093605	0.189893109
2056	797.92	24.93	13.84	7.05	247.8493013	317.9599816	318.5197161	0.010710168
2057	797.79	24.91	13.825	6.95	245.9968495	317.953464	318.5120614	-0.021440479
2059	797.6633333	24.92666667	13.8	7.066666667	245.3310132	317.9856832	318.5439287	0.155730644
2060	797.54	24.91	13.755	7.05	246.5946912	317.9819655	318.5379644	-0.440285359
2061	797.47	24.85	13.72	6.9	245.8946912	317.9259361	318.4786506	-0.081934546
2062	797.355	24.89	13.7	6.6	247.2871152	317.9817264	318.5350271	0.020393493
2063	797.29	24.89	13.69	6.45	250.7016685	317.9891399	318.5420963	0.010839774
2065	797.12	24.87	13.7	6.5	255.7946912	317.9871941	318.540066	-0.05121592
2066	797.005	24.85	13.685	6.65	260.2661217	317.978975	318.5307038	-0.012019231
2067	796.94	24.85	13.69	6.7	260.6946912	317.9863921	318.5383819	0.097618098
2068	796.815	24.835	13.655	6.9	263.1446912	317.9846513	318.5348631	-0.001432
2069	796.71	24.85	13.65	6.9	264.8946912	318.0126438	318.5632305	
2070	796.625	24.87	13.645	6.85	268.1406765	318.0436916	318.5947955	0.408597725
2071	796.53	24.85	13.62	6.8	268.4946912	318.0331954	318.5827358	-0.138142156
2072	796.44	24.82	13.62	6.8	268.4946912	318.0114556	318.5601187	
2073	796.365	24.87	13.605	6.7	268.1446912	318.0733853	318.6231103	0.203752868
2074	796.26	24.85	13.59	6.8	267.3946912	318.064034	318.6126093	-0.030768457
2075	796.17	24.82	13.58	6.8	268.8946912	318.0422956	318.5895921	
2076	796.1033333	24.80666667	13.58333333	6.833333333	268.0912762	318.0356807	318.582747	-0.195913265
2077	796.005	24.78	13.575	7	268.3554061	318.0184519	318.564423	-0.020412407
2078	795.87	24.74	13.57	7.3	269.3946912	317.9911798	318.5358014	-0.009974034
2079	795.82	24.74	13.57	7.45	268.7409998	317.9968936	318.5415604	0.008358749
2080	795.69	24.78	13.58	7.4	266.1946912	318.0544536	318.6009111	0.757733751
2082	795.57	24.725	13.58	7.35	265.6933306	318.0094557	318.5542735	-1.184945316
2083	795.46	24.72	13.58333333	7.266666667	262.4198766	318.016694	318.5615862	0.034309891
2084	795.3525	24.71	13.61	7.125	261.221007	318.0183099	318.5640511	0.002650486
2085	795.24	24.71	13.62	7	260.4946912	318.031176	318.5774202	0.027106101
2086	795.15	24.74	13.64	7.2	262.5946912	318.0735033	318.6215885	0.034830123
2087	795.11	24.71	13.655	7.2	264.2446912	318.0460466	318.5938125	
2088	794.99	24.75333333	13.66	7.133333333	266.4255339	318.1060479	318.6555091	0.44434324
2089	794.89	24.725	13.665	7.1	267.7446912	318.0872374	318.6360842	-0.557261983
2090	794.82	24.82	13.66	7.2	268.5946912	318.1966976	318.7484523	0.360191975
2091	794.71	24.76	13.64	6.9	269.3859952	318.1452179	318.6943428	-0.018826039
2092	794.615	24.77	13.635	7.025	268.346854	318.1667755	318.7161057	0.045407913
2093	794.5283333	24.72	13.6	7.216666667	265.2910603	318.1233008	318.6697057	-0.038955376
2094	794.45125	24.725	13.59375	7.3	266.5586723	318.1374686	318.6838515	0.067155549
2095	794.34875	24.74875	13.5925	7.375	270.1267181	318.1745752	318.7217575	0.217125504
2096	794.3	24.835	13.63	7.35	273.8410831	318.2722821	318.8237822	5.144003093
2097	794.18	24.53	13.48	6.95	262.0968495	317.9602564	318.4961845	-0.064234878
2100	793.91	24.58	13.465	7.3	262.3412665	318.0445906	318.5817263	0.068016806
2101	793.8	24.49	13.45	7.4	261.1946912	317.9610502	318.4948762	-0.275204245
2102	793.7	24.53	13.45	7.4	260.1946912	318.0152396	318.5504014	
2107	793.24	24.45	13.45	7.1	258.1946912	317.9824928	318.5155704	-0.059939555
2109	793.07	24.38	13.44	6.9	258.5946912	317.9271867	318.4578463	-0.091130199
2111	792.9166667	24.40666667	13.44	7.066666667	259.9078948	317.9732651	318.5048868	0.109322744
2112	792.81	24.365	13.445	7.25	258.8967602	317.9409726	318.4715944	-0.031663577
2113	792.7033333	24.39333333	13.45333333	7.133333333	256.6449955	317.9834876	318.5154115	0.102931487
2114	792.66	24.35	13.45	7.2	255.9946912	317.9421483	318.4726352	-0.306555109
2115	792.5183333	24.42833333	13.49166667	7.066666667	243.4237428	318.0421221	318.576817	0.185292451
2116	792.437	24.428	13.49	7.02	245.6126148	318.0511011	318.5857919	0.135851223
2117	792.3383333	24.405	13.48	7.033333333	247.0743457	318.0378446	318.5715099	-2.457179321
2118	792.3	24.42	13.48	7	248.4946912	318.0582781	318.5924449	0.605963574
