ALT	PRESS	TEMP	RH	SPEED	DIR	POTT	VIRPOT	Ri
1306	868.42	25.47	20.81	1.3	215.7946912	310.9153498	311.6920386	
1307	868.31	25.87	20.93	1.7	220.3946912	311.3430988	312.1426839	0.087663739
1308	868.25	26.43	21.03	2	223.5946912	311.932342	312.7622093	0.214284563
1309	868.2	27.92	20.98	2.75	225.6583283	313.4889412	314.3908575	0.090123798
1310	868.025	28.585	20.96	3.05	228.0028881	314.1994865	315.1356853	0.256552783
1311	867.93	28.88	21	3.1	230.3946912	314.5165176	315.4705487	4.116851216
1314	867.71	29.24333333	21.05666667	3.033333333	232.8529266	314.9177037	315.894627	8.780738266
1315	867.62	29.47	21.09	3	234.7946912	315.1631078	316.154403	7.156166359
1317	867.34	29.66	21.05	3.1	236.3946912	315.3900963	316.3906736	1.470001235
1318	867.28	29.685	21.055	3.1	236.3140467	315.422376	316.4247041	
1319	867.18	29.8	21.03	3.3	236.3946912	315.5525619	316.5604088	0.105338464
1320	867.13	29.9	21	3.4	235.7946912	315.6619273	316.6741385	0.353850432
1321	866.96	29.9	20.96	3.5	237.8946912	315.6796287	316.6901746	0.05727268
1322	866.93	29.85	20.98	3.4	235.8946912	315.6306687	316.6393608	-0.158435718
1323	866.79	29.9	20.96	3.5	239.8946912	315.6973346	316.7081434	0.215696715
1324	866.69	29.875	20.92	3.45	240.9961405	315.6817078	316.6893123	-0.202257987
1326	866.47	29.85	20.91	3.3	235.3946912	315.6785832	316.6846177	-0.008987698
1327	866.42	29.85	20.92	3.3	238.9946912	315.6837933	316.6903859	
1328	866.28	29.85	20.91	3.3	232.4946912	315.6983835	316.7047107	
1329	866.205	29.825	20.905	3.55	232.1073683	315.6801525	316.6849286	-0.009440135
1331	865.99	29.825	20.9	3.65	236.2289356	315.7025656	316.7074321	0.145070736
1333	865.83	29.85	20.89	3.6	240.1946912	315.7453013	316.751359	1.106349115
1334	865.72	29.9	20.8	3.9	241.8946912	315.80888	316.8136173	0.022856439
1335	865.6533333	29.93	20.81666667	3.9	241.8707568	315.8470994	316.8544568	
1337	865.425	29.9	20.795	4	242.5896912	315.8396644	316.8446144	-0.048111236
1339	865.26	29.9	20.79	3.9	242.3946912	315.8568886	316.8618511	0.111457133
1340	865.12	29.9	20.77	3.9	242.3946912	315.8715064	316.8757176	
1342	864.97	29.875	20.76	3.8	242.8446912	315.861113	316.863649	-0.067261346
1343	864.835	29.9	20.725	3.9	241.3869988	315.9012736	316.9037471	0.129939261
1344	864.77	29.9	20.7	4.1	240.9946912	315.9080643	316.9094284	0.005492818
1345	864.63	29.85	20.71	4	240.6946912	315.8705689	316.8697941	-0.121335835
1346	864.59	29.9	20.72	3.7	240.2946912	315.9268729	316.9294813	0.020241208
1347	864.47	29.9	20.73	3.7	237.7946912	315.9394148	316.9426917	
1348	864.33	29.8	20.72	3.6	235.7946912	315.8497918	316.8471264	-0.290069966
1349	864.29	29.9	20.71	3.6	234.6946912	315.9582318	316.9608177	
1350	864.17	29.9	20.71	3.7	234.7946912	315.9707793	316.9735498	0.040597197
1351	864.055	29.85	20.7	3.8	236.3946912	315.9306723	316.9302965	-0.129787154
1353	863.89	29.875	20.67	3.8	239.4946912	315.9739971	316.9738424	
1354	863.74	29.9	20.67	3.8	241.7946912	316.0157595	317.0172541	
1355	863.71	29.85	20.65	3.9	242.3946912	315.966759	316.964497	-0.158566693
1356	863.58	29.8	20.66	3.8	241.4946912	315.9282197	316.9238118	-0.124734528
1358	863.43	29.9	20.65	3.8	239.5946912	316.0482049	317.0492071	
1359	863.2733333	29.86666667	20.59	4.066666667	237.8963316	316.0298431	317.0262912	-0.008355374
1361	863.13	29.85	20.56	4.2	237.7946912	316.0274682	317.0217432	-0.008645679
1362	863.03	29.85	20.55	4.2	238.9946912	316.0379407	317.0318847	
1363	862.93	29.85	20.555	4.1	240.3446912	316.0484147	317.0427534	0.033894127
1365	862.7	29.85	20.56	4.1	241.3946912	316.0725107	317.067443	
1366	862.615	29.825	20.555	4.15	242.3971008	316.0553384	317.0487488	-0.222297742
1367	862.51	29.81	20.57	4.2	242.3946912	316.050694	317.0441439	-0.060125594
1368	862.41	29.85	20.55	4.3	241.6946912	316.1029045	317.0977965	0.168954231
1369	862.28	29.75	20.54	4.3	241.0946912	316.0122047	317.0011834	
1370	862.23	29.85	20.53	4.3	240.5946912	316.1217762	317.1159751	
1372	862.02	29.8	20.51	4.3	238.9946912	316.0916307	317.0823673	
1373	861.93	29.81	20.47	4.3	236.8946912	316.111504	317.1010067	
1374	861.8	29.76	20.48	4.2	236.7946912	316.0729682	317.0603467	-0.124739468
1375	861.78	29.8	20.46	4.1	236.3946912	316.1168046	317.105491	0.141878855
1376	861.61	29.8	20.47	4	234.7946912	316.1346416	317.1240701	0.057730363
1377	861.55	29.76	20.46	4	234.5946912	316.0991964	317.0859903	
1378	861.44	29.76	20.46	4.2	235.8946912	316.1107399	317.0977009	0.009341523
1379	861.38	29.75	20.44	4.1	234.7946912	316.1066011	317.0921289	-0.013397521
1380	861.24	29.75	20.46	4.2	235.9946912	316.1212964	317.1080012	0.047569979
1381	861.175	29.755	20.445	4.25	236.6464559	316.1333391	317.119699	0.155930047
1383	860.97	29.71	20.44	4.2	238.4446912	316.1078963	317.0918099	-0.658970989
1384	860.85	29.75	20.44	4.2	241.1946912	316.1622495	317.148582	
1385	860.76	29.71	20.44	4.2	242.9946912	316.129951	317.1141829	
1386	860.67	29.71	20.42	4.1	245.3946912	316.1394051	317.1228103	0.030607887
1388	860.51	29.71	20.425	4.1	247.9946912	316.1562156	317.1401042	
1389	860.4	29.71	20.39	4.2	249.1946912	316.1677751	317.1501442	0.037424076
1390	860.3	29.66	20.39	4.2	248.7946912	316.1260867	317.1058218	
1392	860.08	29.665	20.4	4.3	248.1446912	316.1544313	317.1352579	0.183559838
1394	859.905	29.66	20.39	4.35	245.2579113	316.1676111	317.1479431	0.341413811
1395	859.77	29.66	20.37	4.2	241.0946912	316.1818084	317.1613827	0.020431812
1396	859.73	29.61	20.35	4.2	237.9946912	316.133807	317.1097047	
1397	859.64	29.62	20.36	4.2	235.3946912	316.1537146	317.1307822	
1398	859.54	29.61	20.35	4.2	233.4946912	316.1537913	317.1299751	
1400	859.34	29.59	20.34	4.35	234.9533124	316.1539475	317.1288445	0.000449504
1401	859.24	29.66	20.34	4.3	236.3946912	316.2375743	317.2165061	1.08315204
1402	859.125	29.57	20.345	4.3	237.3446912	316.1556858	317.1300384	
1403	858.99	29.57	20.34	4.3	237.9946912	316.1698956	317.1442117	
1404	858.92	29.57	20.32	4.3	239.1946912	316.1772648	317.1507281	
1405	858.83	29.57	20.33	4.3	240.9946912	316.1867406	317.1608183	
1406	858.745	29.52	20.3	4.35	242.9038872	316.1434655	317.1134738	-0.560766741
1407	858.65	29.57	20.32	4.3	244.9946912	316.205696	317.1795652	0.806261667
1408	858.57	29.52	20.32	4.3	246.2946912	316.1618935	317.1331198	
1410	858.37	29.52	20.305	4.3	247.2946912	316.1829601	317.1537693	
1411	858.25	29.52	20.31	4.2	246.2946912	316.1956031	317.1668314	0.040957517
1412	858.15	29.48	20.31	4.2	245.2946912	316.1643518	317.1335244	
1414	857.98	29.47	20.29	4.3	245.4946912	316.1718191	317.1397414	0.048389438
1415	857.8566667	29.48	20.29333333	4.433333333	244.5954477	316.195267	317.1640834	0.042733572
1416	857.75	29.48	20.29	4.4	241.2946912	316.2065123	317.1753292	0.327909173
1418	857.6	29.455	20.26	4.3	238.1946912	316.196206	317.1624408	-0.066789724
1420	857.35	29.43	20.245	4.3	235.2446912	316.196448	317.1609689	
1422	857.18	29.43	20.25	4.4	234.6946912	316.2143817	317.1793945	0.11622852
1423	857.08	29.43	20.23	4.6	234.7946912	316.2249331	317.1891419	0.008547946
1424	857.025	29.38	20.235	4.6	236.5946912	316.1784813	317.1402723	
1425	856.96	29.43	20.21	4.6	236.6946912	316.2375968	317.2010312	
1426	856.8	29.38	20.23	4.6	236.3946912	316.2022256	317.1641137	
1427	856.7	29.38	20.25	4.6	237.1946912	316.2127813	317.1757692	
1429	856.5266667	29.35333333	20.21666667	4.566666667	236.9289978	316.2032071	317.1634106	-0.55859257
1432	856.22	29.36	20.215	4.6	237.0446912	316.2425623	317.2035068	3.444131847
1433	856.14	29.34	20.21	4.7	237.3946912	316.2301051	317.1898386	-0.040379652
1434	856.09	29.34	20.2	4.8	238.3946912	316.2353873	317.1947201	0.017121959
1435	855.98	29.34	20.21	4.8	239.2946912	316.2470094	317.2069807	
1436	855.88	29.33	20.2	4.9	239.1946912	316.2471215	317.2062207	0.000363368
1437	855.76	29.29	20.19	4.85	238.8957221	316.2179818	317.1746051	-0.377885576
1439	855.55	29.27333333	20.18	4.633333333	238.3299433	316.2227511	317.1783052	0.006587893
1441	855.38	29.24	20.16	4.6	237.7946912	316.2058678	317.158917	-0.985411698
1442	855.3	29.24	20.16	4.7	238.1946912	316.2143263	317.1674936	0.027427055
1443	855.21	29.25	20.14	4.8	239.0946912	316.2343008	317.1871974	0.064766116
1444	855.08	29.24	20.17	4.9	237.6946912	316.2375924	317.1915577	0.010673159
1446	854.8733333	29.22666667	20.15666667	4.833333333	238.2519432	316.2455105	317.1984274	0.115542202
1447	854.75	29.2	20.13	4.8	240.5946912	316.2306696	317.1810643	-0.433158439
1448	854.73	29.2	20.14	4.8	240.8946912	316.2327858	317.1836822	
1450	854.4733333	29.18333333	20.12666667	4.733333333	243.2573688	316.2425166	317.1922603	0.142012294
1451	854.37	29.15	20.12	4.7	244.5946912	316.2185872	317.1663683	-0.698538131
1452	854.32	29.15	20.13	4.8	245.7946912	316.2238801	317.1722058	0.017167585
1454	854.1066667	29.13666667	20.10666667	4.7	247.5280245	316.2325191	317.1793402	0.056044377
1456	853.935	29.13	20.085	4.7	247.1946912	316.243725	317.1894187	
1459	853.66	29.08	20.095	4.6	246.0946912	316.2205432	317.1644205	-0.225622986
1460	853.52	29.11	20.1	4.7	244.8946912	316.2667671	317.2126991	0.149947442
1461	853.47	29.06	20.1	4.7	244.3946912	316.2197482	317.1630638	
1462	853.38	29.06	20.08	4.7	244.2946912	316.2292858	317.1717944	
1463	853.29	29.06	20.075	4.65	242.4989923	316.2388247	317.1812303	0.123794766
1465	853.055	29.035	20.08	4.7	241.4946912	316.2375753	317.179218	-0.032430434
1466	852.93	29.01	20.07	4.7	241.0946912	316.2246658	317.1646826	
1468	852.79	29.015	20.07	4.6	241.4446912	316.2447452	317.1852343	0.130313811
1469	852.69	29.01	20.06	4.6	243.0946912	316.2501188	317.1900176	
1470	852.62	29.01	20.05	4.6	243.7946912	316.2575443	317.1970767	
1471	852.53	29.01	20.06	4.5	245.1946912	316.2670925	317.2072251	0.030984172
1472	852.42	28.92	20.05	4.4	245.8946912	316.184559	317.119576	-0.267902125
1473	852.29	28.97	20.045	4.4	248.0946912	316.25069	317.1883307	
1475	852.095	28.945	20.03	4.5	251.1446912	316.2452158	317.1811047	-0.035534813
1476	851.98	28.97	20.03	4.6	252.6946912	316.2835958	317.2209866	0.124560063
1477	851.94	28.97	20.01	4.6	252.7946912	316.2878429	317.2243559	
1478	851.8	28.92	20.02	4.5	252.5946912	316.2503623	317.1848808	-0.121661063
1479	851.68	28.92	20.01	4.5	252.4946912	316.2631056	317.1973316	
1480	851.62	28.92	19.99	4.5	252.7946912	316.2694781	317.2028574	
1481	851.53	28.92	19.99	4.5	252.3946912	316.2790379	317.2125479	
1482	851.44	28.88	19.99	4.5	251.7946912	316.2467162	317.1782306	
1483	851.36	28.9	19.995	4.65	250.8914653	316.2761569	317.2090833	0.042475673
1484	851.22	28.88	19.99	4.7	249.8446912	316.2700902	317.2019236	-0.078780094
1485	851.14	28.88	19.98	4.7	249.1946912	316.2785917	317.210075	
1488	850.9	28.9	19.98	4.6	247.4946912	316.3250478	317.2579421	0.452416177
1489	850.74	28.79	19.97	4.6	245.5946912	316.2268564	317.1536848	
1490	850.66	28.83	19.96	4.75	245.2441649	316.2772555	317.205851	0.072730259
1492	850.45	28.83	19.97	4.8	245.4946912	316.2995894	317.2289541	0.580136192
1493	850.365	28.81	19.97	4.85	243.9513925	316.2876823	317.2161106	-0.154656455
1494	850.24	28.83	19.95	4.8	242.1946912	316.3219305	317.2506682	0.444807378
1497	849.985	28.74	19.94	4.8	244.4446912	316.2547861	317.1786725	
1498	849.92	28.79	19.94	4.8	244.8946912	316.3140834	317.2407025	
1499	849.805	28.79	19.92	4.7	245.9446912	316.3263252	317.2521808	0.039753611
1500	849.74	28.74	19.92	4.6	243.4946912	316.2808619	317.2041741	-0.14766103
1501	849.61	28.79	19.91	4.7	242.1946912	316.3470877	317.2727599	0.21506026
1502	849.56	28.79	19.91	4.8	242.4946912	316.3524124	317.2781568	0.017291368
1503	849.39	28.79	19.91	4.9	242.2946912	316.3705195	317.2965093	0.058800442
1504	849.32	28.74	19.89	4.8	242.7946912	316.3255858	317.2481115	-0.14594069
1505	849.21	28.7	19.91	4.9	242.1946912	316.2953897	317.216896	-0.098087428
1507	849.02	28.74	19.89	4.9	240.3946912	316.3575489	317.2805065	
1508	848.96	28.72	19.88	4.95	238.2088354	316.3429843	317.2645121	-0.189230657
1509	848.84	28.7	19.86	4.7	235.3946912	316.3348143	317.2545372	-0.004246262
1511	848.6566667	28.68333333	19.85333333	4.533333333	232.1167511	316.3368895	317.2556925	0.004853776
1512	848.52	28.65	19.86	4.5	231.4946912	316.3165241	317.2340845	-0.595483843
1513	848.5	28.65	19.87	4.6	231.3946912	316.3186564	317.2367076	0.006927817
1515	848.305	28.63	19.87	4.65	232.1516807	316.3184869	317.2357698	-0.00440736
1516	848.13	28.61	19.86	4.8	232.7946912	316.3161874	317.2322129	-0.003320726
1517	848.08	28.64	19.85	4.8	232.4946912	316.3529686	317.2701736	
1518	847.95	28.585	19.85	4.9	232.6946912	316.3091823	317.2236978	-0.142286916
1520	847.76	28.585	19.845	4.8	236.2946912	316.3294557	317.2440122	0.131759914
1522	847.59	28.56	19.82	4.55	241.8331514	316.3213891	317.2337329	-0.008388898
1523	847.52	28.54	19.83	4.6	242.0783242	316.3078918	317.2197537	-0.175468825
1524	847.37	28.52	19.82	4.5	245.5946912	316.3029346	317.2135097	-0.016112319
1526	847.26	28.52	19.8	4.7	246.2946912	316.3146788	317.2244915	0.019086052
1527	847.09	28.52	19.81	4.85	249.101908	316.3328329	317.243347	0.026224807
1528	847.01	28.52	19.8	5.1	250.5946912	316.3413776	317.2515459	0.004443628
1530	846.87	28.47	19.8	5	248.4946912	316.3038991	317.2116705	-0.243671333
1531	846.755	28.425	19.8	4.95	246.8512571	316.2689916	317.174595	-0.453980071
1532	846.64	28.43	19.78	4.9	244.7946912	316.2865215	317.1916314	0.22797634
1533	846.52	28.43	19.79	4.9	245.5946912	316.2993439	317.2050814	
1534	846.46	28.43	19.8	4.9	245.0946912	316.3057559	317.2120362	
1535	846.37	28.43	19.77	4.8	245.7946912	316.3153751	317.2204096	0.03127443
1537	846.1833333	28.41333333	19.77333333	4.6	245.1396275	316.317848	317.2224376	0.004020123
1539	846.02	28.38	19.77	4.4	242.6946912	316.3003464	317.2032931	-0.028455705
1540	845.86	28.36	19.77	4.3	239.7946912	316.2964758	317.1986168	-0.012587303
1541	845.75	28.315	19.77	4.25	237.1429265	316.2610322	317.1610106	-0.461119119
1543	845.55	28.34	19.76	4.2	236.8946912	316.3086537	317.2097455	1.239005008
1544	845.48	28.3	19.75	4.5	234.0946912	316.2741763	317.1728534	-0.012460349
1545	845.43	28.34	19.78	4.3	234.3946912	316.3214935	317.2236668	0.038471546
1547	845.2166667	28.28	19.76	4.866666667	232.4542806	316.2813695	317.1798444	-0.008129169
1548	845.16	28.3	19.75	4.9	233.8946912	316.3084201	317.2075477	0.791876743
1550	844.94	28.25	19.76	4.9	234.2946912	316.279504	317.1768278	
1552	844.75	28.23	19.75	4.85	236.7915984	316.2788589	317.1749701	-0.016790874
1553	844.66	28.25	19.74	4.7	240.7946912	316.3094861	317.2062951	0.044282738
1554	844.545	28.27	19.74	4.65	240.2624036	316.3427942	317.2407914	0.43340269
1556	844.33	28.21	19.73	4.6	242.9946912	316.3028551	317.1976243	-1.039574797
1557	844.26	28.165	19.725	4.6	242.5946912	316.263123	317.1554635	
1558	844.13	28.21	19.73	4.6	241.1946912	316.3242867	317.2193364	
1559	844.03	28.12	19.74	4.7	240.4946912	316.2405326	317.1315766	-0.272585395
1560	843.99	28.16	19.73	4.7	240.3946912	316.2868073	317.1794966	
1561	843.86	28.16	19.72	4.8	241.5946912	316.300742	317.1931607	0.045345635
1562	843.76	28.16	19.72	4.9	242.2946912	316.3114628	317.2040216	0.034887371
1563	843.68	28.16	19.71	4.9	239.9946912	316.3200407	317.2122588	
1564	843.58	28.08	19.71	4.8	240.2946912	316.2467763	317.1350586	-0.238477388
1565	843.49	28.12	19.7	4.7	242.5446912	316.2984219	317.1884139	0.168085455
1567	843.32	28.08	19.7	4.8	244.9946912	316.2746584	317.1628523	-0.154701635
1568	843.17	28.08	19.69	4.9	246.5946912	316.2907493	317.1787013	0.052376146
1569	843.11	28.1	19.68	4.9	244.8446912	316.3181872	317.2067885	
1571	842.935	28.12	19.665	4.7	244.2946912	316.357969	317.2471541	0.064736784
1572	842.815	28.095	19.655	4.6	243.6446912	316.3445979	317.2322275	-0.043521064
1573	842.69	28.12	19.65	4.6	242.0946912	316.3842715	317.2731203	
1575	842.53	28.035	19.65	4.6	243.5946912	316.3121852	317.1969424	
1576	842.42	28.03	19.65	4.5	244.3946912	316.3187455	317.2034024	0.021357772
1578	842.28	28.01	19.64	4.5	244.5946912	316.3127755	317.1961645	
1579	842.18	28.03	19.64	4.5	246.0946912	316.3445238	317.2290639	
1580	842.07	27.99	19.65	4.4	247.5946912	316.3143264	317.197445	-0.098322725
1581	842	28.03	19.63	4.4	249.0946912	316.3638636	317.2482036	
1582	841.875	28.03	19.63	4.45	248.798062	316.3772973	317.2618111	0.174937197
1584	841.685	27.99	19.63	4.3	247.8446912	316.3557002	317.2384541	-0.062506936
1586	841.5	27.99	19.625	4.45	246.9396349	316.3755898	317.2583756	0.057564864
1587	841.39	27.99	19.61	4.6	244.8946912	316.3874186	317.2696823	0.01711761
1588	841.29	27.99	19.61	4.7	244.4946912	316.3981739	317.2805764	0.035019132
1589	841.2	27.92	19.605	4.75	241.3778447	316.334306	317.2130782	-0.832008236
1591	840.98	27.95	19.61	4.8	237.9946912	316.3894945	317.2703074	1.437740256
1592	840.89	27.9	19.61	4.9	235.6946912	316.3466384	317.2250565	-0.139581126
1593	840.845	27.925	19.6	4.85	232.6534547	316.377751	317.2570418	0.405298386
1594	840.74	27.9	19.59	4.8	231.5946912	316.3627794	317.2405088	-0.195048536
1595	840.6	27.9	19.6	4.8	232.9946912	316.3778477	317.2562187	
1596	840.525	27.86	19.6	4.95	233.892671	316.3438836	317.2203474	-0.049171025
1597	840.42	27.81	19.59	5	233.3946912	316.3026379	317.1762923	-0.537505539
1598	840.31	27.86	19.58	5.1	235.5946912	316.3670301	317.242896	0.209751716
1599	840.22	27.81	19.58	5.1	238.5946912	316.3241691	317.1976526	
1600	840.15	27.835	19.575	5.15	238.4442057	316.3579833	317.2325923	0.44062314
1601	840.04	27.86	19.57	5.1	239.1946912	316.3961086	317.2718995	0.49675762
1602	839.95	27.86	19.57	5.1	240.9946912	316.4058041	317.2817191	
1603	839.84	27.77	19.56	5.1	243.0946912	316.3230491	317.1941633	
1604	839.77	27.77	19.56	5.2	244.2946912	316.33059	317.2018002	0.024571018
1605	839.64	27.73	19.56	5.3	248.5946912	316.3025463	317.1719389	-0.091389135
1606	839.58	27.77	19.56	5.2	245.7946912	316.3510622	317.2225332	0.158083037
1607	839.49	27.73	19.56	5.5	249.9946912	316.3187091	317.1883073	-0.011714723
1608	839.44	27.82	19.56	5.5	251.4946912	316.4187172	317.2928824	
1609	839.33	27.82	19.55	5.5	252.6946912	316.4305768	317.3044466	
1610	839.22	27.82	19.55	5.5	253.0946912	316.4424383	317.3164597	
1611	839.14	27.725	19.545	5.45	251.800196	316.3511794	317.220341	-1.189601438
1612	839.04	27.77	19.54	5.4	250.5946912	316.4092788	317.2806002	0.757238172
1613	838.95	27.73	19.54	5.4	249.7946912	316.376926	317.2463748	
1614	838.82	27.73	19.54	5.4	248.9946912	316.3909484	317.2605755	
1615	838.73	27.73	19.52	5.4	246.9946912	316.4006578	317.2695182	
1616	838.66	27.73	19.515	5.5	246.3946912	316.4082105	317.2769443	0.024612952
1617	838.55	27.73	19.52	5.5	244.8946912	316.4200807	317.2891878	
1619	838.32	27.69	19.5	5.3	243.5946912	316.4028373	317.2693792	-0.028100098
1620	838.27	27.705	19.51	5.35	243.6563753	316.4240102	317.291811	0.276015843
1621	838.15	27.68	19.5	5.4	242.1946912	316.4106722	317.2769496	-0.173892365
1623	837.99	27.645	19.5	5.4	241.3946912	316.391135	317.2558935	
1624	837.87	27.665	19.495	5.5	240.0946912	316.4251314	317.2908245	0.110811568
1626	837.73	27.64	19.49	5.4	240.5946912	316.4139557	317.2783776	-0.072860634
1627	837.6	27.6	19.49	5.3	240.8446912	316.3859206	317.2485381	-0.091400755
1628	837.46	27.64	19.47	5.2	240.3946912	316.4431281	317.3070312	0.186484215
1629	837.37	27.64	19.47	5.2	241.7946912	316.4528549	317.3168809	
1632	837.145	27.6	19.465	5.05	242.8937011	316.4350915	317.2972221	-0.077216373
1633	837.005	27.555	19.465	5.05	242.192711	316.4028789	317.2629762	
1634	836.96	27.51	19.46	5.2	241.5946912	316.3603943	317.2181137	-0.061577955
1636	836.78	27.56	19.46	5.1	241.8946912	316.43247	317.2928992	0.470027737
1637	836.64	27.56	19.46	5.1	242.3946912	316.447613	317.3082326	
1638	836.55	27.56	19.45	5.1	241.7946912	316.4573494	317.3176493	
1639	836.46	27.56	19.45	5.1	241.4946912	316.4670873	317.3275095	
1640	836.355	27.56	19.445	5.25	240.6937388	316.4784498	317.3387937	0.016466319
1641	836.27	27.515	19.45	5.3	241.2446912	316.4402883	317.298749	-0.497800401
1642	836.16	27.52	19.45	5.2	241.7946912	316.4574561	317.3163127	0.055985843
1644	835.98	27.47	19.46	5	242.0946912	316.4243136	317.2813927	-0.054049317
1645	835.91	27.45	19.46	5	240.9946912	316.4108399	317.2670302	
1646	835.84	27.47	19.47	5	241.3946912	316.4394706	317.2971802	
1647	835.75	27.47	19.45	4.9	239.5946912	316.4492162	317.3061667	0.031786346
1649	835.535	27.41	19.435	4.9	239.7946912	316.4093389	317.2629738	
1650	835.385	27.43	19.415	4.9	239.4446912	316.4466421	317.3005814	
1651	835.3	27.39	19.41	4.9	239.1946912	316.4137387	317.2656137	
1652	835.21	27.43	19.41	4.9	240.4946912	316.4656038	317.3195597	
1654	835.07	27.365	19.42	4.8	242.4946912	316.4123384	317.2637391	-0.347585322
1655	834.93	27.34	19.42	4.8	242.9946912	316.4011875	317.2515549	
1656	834.84	27.3	19.44	4.8	243.9946912	316.3688232	317.2182332	
1658	834.6466667	27.32666667	19.43666667	4.833333333	246.3091913	316.4178614	317.2686886	2.880374945
1659	834.53	27.26	19.43	5.1	247.8946912	316.3603058	317.2077456	-0.026417303
1661	834.4	27.3	19.43	4.95	248.343176	316.4165273	317.2660925	0.16309125
1662	834.3	27.22	19.42	4.9	246.7946912	316.3431195	317.1884859	-0.958513793
1664	834.085	27.26	19.42	4.9	244.9446912	316.4085688	317.2561701	
1665	833.99	27.26	19.41	5	242.8946912	316.4188765	317.2661689	0.033643185
1666	833.905	27.26	19.41	5	241.2906912	316.4281006	317.2755072	
1668	833.7	27.17	19.41	5.3	239.9946912	316.3555457	317.1988533	-0.052640711
1669	833.61	27.22	19.41	5.3	240.7446912	316.4179851	317.2638412	
1671	833.41	27.13	19.41	5.3	240.0946912	316.3448852	317.1866422	
1673	833.2533333	27.14666667	19.40333333	5.066666667	239.6644286	316.3794547	317.221939	0.04146404
1674	833.14	27.13	19.4	5.1	239.6946912	316.3742024	317.2158862	-0.154355255
1675	833.055	27.135	19.4	5.25	240.3518344	316.3887034	317.2307429	0.021044357
1676	832.95	27.09	19.39	5.4	243.1946912	316.3526937	317.1922635	-0.052266235
1677	832.9	27.17	19.39	5.7	242.5946912	316.4424197	317.2859284	0.032549471
1679	832.7	27.155	19.38	5.7	242.7473228	316.4483485	317.2909627	4.90776E+26
1680	832.58	27.09	19.37	5.4	242.8946912	316.3928954	317.232092	-0.020121808
1681	832.5	27.09	19.37	5.3	241.7946912	316.4015906	317.2408939	0.028396652
1682	832.39	27.11	19.375	5.3	239.0211025	316.434626	317.2752591	1.36752E+27
1683	832.32	27.09	19.37	5.5	236.1946912	316.4211589	317.2607022	-0.010994985
1684	832.19	27.09	19.37	5.6	235.9946912	316.435295	317.2750117	0.046164882
1685	832.1	27.09	19.37	5.6	235.7946912	316.4450832	317.2849199	
1686	832.01	27.01	19.36	5.5	234.8946912	316.3705522	317.2062199	-0.243464743
1687	831.92	27.01	19.36	5.5	234.8946912	316.3803405	317.2161277	
1688	831.83	27.05	19.35	5.4	234.4946912	316.432293	317.2696933	0.169686716
1689	831.72	27.05	19.35	5.3	232.9946912	316.4442615	317.2818083	0.039091581
1690	831.645	27.03	19.345	5.25	232.1480246	316.4313406	317.2678076	-0.16881925
1691	831.56	27.05	19.34	5.5	233.1946912	316.461674	317.2990008	0.015851897
1692	831.47	27.05	19.34	5.6	233.6946912	316.4714704	317.308917	0.031996883
1693	831.38	26.96	19.33	5.7	234.9946912	316.386387	317.2191956	-0.277981694
1695	831.1866667	26.99666667	19.33	5.5	236.6207492	316.4460903	317.280915	0.097518426
1697	831.01	26.96	19.32	5.4	237.9946912	316.4266689	317.2595367	-0.126905632
1698	830.895	26.94	19.315	5.4	238.7446912	316.4181053	317.2499516	
1699	830.83	27.01	19.32	5.4	238.7946912	316.4989956	317.3345029	
1700	830.65	26.97	19.31	5.5	240.7946912	316.4764293	317.3098225	-0.073725447
1701	830.58	26.945	19.31	5.45	240.6506547	316.4576944	317.2899818	-0.24485262
1704	830.31	26.97	19.305	5.45	240.6524899	316.5134874	317.3471158	
1705	830.2	26.92	19.3	5.4	239.0946912	316.4727477	317.3039103	-0.532483997
1706	830.11	26.92	19.3	5.4	238.6946912	316.4825605	317.3138422	
1707	830.05	26.92	19.29	5.4	238.7946912	316.4891031	317.3200335	
1708	829.925	26.88	19.295	5.4	238.6446912	316.4605451	317.2899437	
1709	829.83	26.84	19.28	5.4	237.9946912	316.4287141	317.255686	
1710	829.71	26.84	19.29	5.4	237.6946912	316.4418022	317.2693612	
1711	829.62	26.8	19.29	5.5	237.8946912	316.4094248	317.2351975	-0.105838598
1712	829.57	26.8	19.28	5.4	237.8946912	316.4148789	317.2402893	0.017828963
1714	829.38	26.84	19.29	5.35	238.3442239	316.4778064	317.3058006	1.645413853
1715	829.29	26.84	19.28	5.3	237.6946912	316.4876295	317.3153132	0.128426137
1717	829.1166667	26.8	19.28	5.333333333	238.9359159	316.4643488	317.2903557	-1.369841494
1718	829.02	26.8	19.28	5.4	238.9946912	316.474902	317.3010362	0.077618674
1720	828.82	26.78	19.28	5.25	241.5413578	316.4756378	317.3010838	0.002138259
1721	828.75	26.8	19.27	5.3	241.4946912	316.5043865	317.3304478	0.375908341
1722	828.655	26.76	19.275	5.2	241.4946912	316.4725547	317.297053	-0.104069359
1723	828.51	26.67	19.27	5.1	242.2946912	316.3934193	317.2136287	-0.258798562
1724	828.44	26.72	19.27	5.2	242.7946912	316.4538302	317.2764988	0.197530382
1726	828.255	26.72	19.27	5.3	243.9446912	316.4740442	317.2969556	0.132190563
1727	828.11	26.72	19.27	5.3	244.3946912	316.4898914	317.3129933	
1728	828.02	26.68	19.27	5.2	243.9946912	316.4575112	317.2788355	-0.105890217
1729	827.95	26.63	19.27	5.3	244.5946912	316.4123889	317.2314404	-0.147584432
1731	827.805	26.655	19.27	5.35	244.7993642	316.4546274	317.2750503	1.105125722
1732	827.72	26.68	19.27	5.4	245.2946912	316.4903104	317.3120281	0.466764473
1733	827.57	26.59	19.26	5.5	244.6946912	316.4117099	317.2289458	-0.257117994
1734	827.52	26.57	19.26	5.5	243.3492367	316.3960647	317.2124236	
1735	827.38	26.63	19.25	5.3	242.0946912	316.4747168	317.2936632	0.064313112
1736	827.33	26.63	19.25	5.3	242.6946912	316.4801868	317.2991986	
1738	827.12	26.57	19.25	5.35	244.2946912	316.4398184	317.2562749	-1.056494756
1739	827.005	26.57	19.245	5.4	244.8446912	316.4524024	317.2687968	0.164669818
1740	826.95	26.59	19.24	5.4	246.3946912	316.4795388	317.296735	
1741	826.81	26.51	19.24	5.3	247.1946912	316.4103922	317.2240078	-0.226252621
1742	826.72	26.47	19.24	5	248.6946912	316.3780061	317.1898627	-0.011775997
1743	826.68	26.51	19.24	5.2	249.0946912	316.424622	317.2384067	0.038132679
1744	826.57	26.51	19.23	4.9	247.1946912	316.4366648	317.2501695	0.004378336
1745	826.45	26.47	19.24	5	246.0946912	316.4075636	317.2197707	-0.095233911
1746	826.36	26.51	19.24	5	246.9946912	316.4596614	317.2738625	
1747	826.2833333	26.47	19.23	4.833333333	250.4374686	316.4258158	317.2378171	-0.039873608
1749	826.04	26.51	19.23	5.2	252.9946912	316.4947183	317.3089127	0.033538595
1750	825.99	26.51	19.23	5.5	254.2946912	316.5001975	317.3144571	0.001992043
1751	825.86	26.47	19.23	5.8	254.9946912	316.4721957	317.2847469	-0.010181813
1752	825.81	26.43	19.23	5.8	256.3946912	316.4354251	317.2461675	
1753	825.68	26.47	19.23	5.7	258.4946912	316.4919257	317.304711	0.184898677
1754	825.63	26.47	19.22	5.7	261.1946912	316.4974073	317.3098349	
1755	825.54	26.47	19.23	5.7	262.1946912	316.5072752	317.3202425	
1756	825.44	26.43	19.22	5.7	263.4946912	316.4759851	317.2867858	
1757	825.35	26.39	19.22	5.6	262.2446912	316.4435974	317.2526445	-0.106017613
1758	825.24	26.39	19.215	5.35	258.1087131	316.4556604	317.2646395	0.006317908
1760	825.09	26.39	19.22	5.1	252.2946912	316.4721131	317.2814971	0.017233971
1761	824.98	26.39	19.22	5.1	249.7946912	316.484181	317.2937075	
1762	824.85	26.33	19.21	5.25	244.4289726	316.4350488	317.2415237	-0.071493668
1763	824.75	26.31	19.21	5.4	239.3946912	316.4248884	317.2305613	-0.014785668
1765	824.56	26.31	19.21	5.5	237.5446912	316.4457396	317.2516578	0.136544742
1766	824.45	26.35	19.21	5.5	236.6946912	316.5000847	317.3080091	
1767	824.36	26.35	19.21	5.3	239.3475214	316.5099668	317.3180077	0.00808804
1769	824.18	26.27	19.2	5.4	239.8002468	316.4451862	317.2493154	-0.424272681
1771	824.05	26.31	19.2	5.5	241.1946912	316.5017393	317.3078966	0.370338687
1772	823.94	26.23	19.2	5.35	244.1292664	316.4292677	317.2318494	-0.105490649
1773	823.845	26.25	19.195	5.1	247.5946912	316.4608425	317.2642652	0.016544707
1775	823.63	26.19	19.19	5.1	248.2946912	316.4210428	317.2217523	
1776	823.56	26.19	19.19	5.25	245.6299257	316.4287345	317.2295339	0.011197656
1779	823.2833333	26.20333333	19.19	5.233333333	243.8915075	316.4732386	317.275011	15.7431291
1780	823.19	26.23	19.19	5.3	244.0946912	316.5116934	317.3148225	0.283375178
1781	823.09	26.15	19.18	5.3	244.3946912	316.4381099	317.237246	
1782	823.01	26.15	19.18	5.4	244.1946912	316.4469067	317.2461454	0.028818363
1783	822.885	26.13	19.18	5.55	244.7000968	316.4395071	317.2379824	-0.010774631
1784	822.79	26.15	19.18	5.7	246.1946912	316.4711036	317.2706246	0.046004612
1785	822.73	26.19	19.17	5.6	246.2946912	316.5199999	317.3210308	0.160163199
1786	822.59	26.11	19.17	5.4	246.4946912	316.4508102	317.2483246	-0.056674047
1787	822.51	26.13	19.175	5.1	246.84175	316.4807622	317.2795102	0.010903297
1789	822.37	26.07	19.17	5	246.1946912	316.4327187	317.2286718	-0.314866022
1790	822.28	26.07	19.17	5	246.7946912	316.4426236	317.2386918	
1791	822.165	26.065	19.17	4.9	246.2946912	316.4499941	317.2459792	0.024152585
1793	821.96	26.03	19.17	4.9	245.5946912	316.4355456	317.2301826	
1794	821.8566667	26.05666667	19.17	5.3	250.2073024	316.4751295	317.2711252	0.008107341
1796	821.69	26.07	19.17	5.6	254.1946912	316.5075908	317.3044139	0.023638208
1797	821.595	26.01	19.17	5.25	259.0994532	316.4545885	317.2487725	-0.014180971
1799	821.4	25.965	19.17	5.2	256.8446912	316.4284681	317.2208355	-0.684989943
1801	821.22	26.01	19.165	5.2	254.8946912	316.4959105	317.2903661	
1803	821.0066667	25.97666667	19.16333333	5.366666667	252.6543203	316.484161	317.2772892	-0.027729742
1805	820.83	25.99	19.16	5.3	250.2946912	316.5177488	317.3115765	0.495416215
1806	820.78	25.99	19.17	5.3	248.9946912	316.5232632	317.3175691	
1807	820.65	25.91	19.16	5.55	246.2343294	316.4529499	317.2433403	-0.036885022
1808	820.58	25.89	19.165	5.5	245.5446912	316.4395065	317.2292774	-0.176315946
1809	820.47	25.87	19.16	5.5	243.3946912	316.4304751	317.219266	
1811	820.28	25.87	19.16	5.6	241.9946912	316.4514355	317.2404676	0.137461433
1812	820.23	25.87	19.16	5.6	242.0946912	316.4569524	317.2460481	
1813	820.1	25.85	19.16	5.65	242.2946912	316.4501312	317.2384788	-0.089474453
1814	819.96	25.83	19.16	5.5	242.5946912	316.4444148	317.2320275	-0.008332035
1815	819.905	25.85	19.155	5.45	242.3919389	316.4716546	317.2600439	0.35730895
1817	819.75	25.83	19.15	5.5	243.4328725	316.4675974	317.2550653	-0.10644575
1818	819.64	25.79	19.15	5.5	247.3946912	316.4374024	317.2231877	
1819	819.535	25.79	19.15	5.6	248.2107856	316.4489971	317.2349152	0.038029877
1820	819.42	25.83	19.15	5.9	251.4946912	316.5040426	317.2919292	0.020058032
1821	819.33	25.83	19.15	5.6	253.0946912	316.5139854	317.3019863	0.003623084
1822	819.28	25.79	19.15	5.5	254.0946912	316.4771633	317.2634044	-0.120774794
1824	819.0433333	25.77666667	19.15	5.533333333	254.1609575	316.4891983	317.2751322	0.710564968
1825	818.93	25.75	19.145	5.7	256.3964456	316.4734895	317.2581489	-0.018551111
1826	818.84	25.75	19.14	6.2	259.5946912	316.4834374	317.2680057	0.001305314
1827	818.75	25.71	19.14	6.3	261.7946912	316.4510322	317.2338982	-0.106315678
1828	818.7	25.71	19.14	6.2	262.8946912	316.4565594	317.2394886	0.018133916
1829	818.625	25.73	19.14	6.3	260.3946912	316.4860292	317.2699608	0.096678564
1830	818.5	25.71	19.14	6	256.1946912	316.4786727	317.2618544	-0.00268168
1832	818.34	25.67	19.14	5.55	252.1064049	316.4540079	317.2355782	-0.007993274
1833	818.25	25.75	19.14	5.5	248.8946912	316.548686	317.3340012	1.242323033
1834	818.14	25.67	19.14	5.7	247.9350418	316.4761305	317.257953	-0.059518442
1835	818.07	25.67	19.13	5.9	245.2946912	316.4838754	317.2653777	0.006353271
1836	817.93	25.63	19.13	5.85	241.5015292	316.4570007	317.2368696	-0.352779446
1837	817.83	25.67	19.13	5.8	239.3946912	316.5104349	317.2922399	0.7013277
1838	817.74	25.63	19.13	5.8	238.4946912	316.478028	317.258136	
1839	817.665	25.61	19.13	5.8	236.3946912	316.4651445	317.2444431	
1840	817.61	25.59	19.13	5.9	236.1946912	316.4500474	317.2285121	-0.049551069
1842	817.43	25.59	19.13	5.95	234.9400692	316.4699751	317.2486661	0.523246826
1843	817.315	25.59	19.13	6	233.2446912	316.4827098	317.2615454	0.167187796
1844	817.16	25.55	19.13	6	232.5946912	316.4574994	317.2347255	
1846	817.02	25.59	19.125	6.05	232.2451044	316.5153873	317.2943904	1.519970004
1847	816.93	25.59	19.12	5.9	231.8946912	316.5253597	317.3042725	0.014547104
1850	816.6433333	25.55	19.12	6.066666667	231.89744	316.5147476	317.2922161	-0.037621911
1851	816.53	25.51	19.12	6	233.1946912	316.4849241	317.2607334	-0.22030013
1852	816.46	25.51	19.12	6.1	233.3446912	316.4926843	317.2685813	0.025476791
1853	816.35	25.51	19.12	6	232.5946912	316.5048805	317.2809155	0.040040339
1855	816.205	25.53	19.12	6.05	232.0451044	316.5421567	317.3192745	0.978962616
1856	816.08	25.47	19.12	5.9	232.8946912	316.4924316	317.2670063	-0.072564583
1857	816.01	25.47	19.12	5.9	232.8946912	316.5001962	317.2748586	
1858	815.94	25.47	19.12	5.9	232.6946912	316.5079616	317.2827117	
1859	815.83	25.43	19.12	5.8	232.1946912	316.4777685	317.2508604	-0.099151308
1860	815.74	25.43	19.12	5.8	230.9946912	316.4877543	317.2609587	
1861	815.605	25.45	19.12	5.6	231.5946912	316.5239368	317.298208	0.029702957
1862	815.49	25.39	19.11	5.5	232.1946912	316.4730973	317.2444176	-0.1669743
1863	815.41	25.43	19.11	5.45	231.898361	316.5243808	317.2975936	0.673639496
1865	815.21	25.36	19.11	5.3	232.1946912	316.4723762	317.2427037	-0.151838201
1866	815.14	25.41	19.11	5.25	233.3946912	316.5331587	317.3058124	0.798469095
1867	815.03	25.36	19.11	5.3	233.4946912	316.4923641	317.2629161	-0.535988422
1868	814.94	25.36	19.11	5.4	234.3946912	316.5023601	317.2730245	0.032833786
1869	814.835	25.34	19.11	5.4	236.0446912	316.4928178	317.2627189	
1870	814.75	25.39	19.11	5.5	237.4946912	316.5552779	317.3275229	0.205140482
1871	814.66	25.36	19.11	5.5	238.7946912	316.5334681	317.304482	
1873	814.53	25.32	19.11	5.5	240.0946912	316.5054987	317.2748864	
1874	814.4	25.32	19.11	5.5	240.3946912	316.5199473	317.2894971	
1875	814.32	25.3	19.11	5.6	241.5446912	316.5076305	317.2763869	-0.040464847
1876	814.25	25.32	19.11	5.6	241.1946912	316.5366226	317.3063594	
1877	814.16	25.28	19.11	5.6	244.4946912	316.504207	317.2722704	
1878	814.02	25.28	19.11	5.6	245.6946912	316.5197743	317.2880119	
1879	813.965	25.32	19.11	5.75	247.7503436	316.5683167	317.3384092	0.070874264
1881	813.79	25.28	19.11	6	249.8946912	316.5453565	317.3138806	-0.024139741
1882	813.66	25.2	19.11	6	250.6946912	316.4749601	317.240083	
1883	813.575	25.22	19.11	6.05	252.9831186	316.5056318	317.2717497	0.40317455
1884	813.46	25.2	19.11	6	256.2946912	316.4972117	317.2625828	-0.11068819
1885	813.3933333	25.2	19.11	5.933333333	258.5003013	316.5046305	317.2700844	0.054858094
1886	813.3	25.16	19.11	6	261.1946912	316.4725826	317.2363754	-0.237008744
1887	813.17	25.16	19.11	6	262.3946912	316.4870517	317.2510055	
1888	813.15	25.16	19.11	6.1	262.7946912	316.4892779	317.2532566	0.00731746
1889	813.03	25.16	19.11	6.1	263.2946912	316.502637	317.2667644	
1890	812.93	25.16	19.11	6.2	262.5946912	316.5137716	317.278023	0.036597748
1891	812.85	25.16	19.11	6.2	261.5946912	316.5226804	317.2870311	
1892	812.74	25.12	19.11	6.25	260.389891	316.4924882	317.2552005	-0.397005004
1893	812.65	25.2	19.11	6.3	260.2946912	316.5874026	317.3537804	1.247719453
1894	812.56	25.12	19.1	6.1	258.7946912	316.5125381	317.2750741	-0.061525798
1895	812.46	25.125	19.11	6.25	258.6922912	316.5289851	317.2922659	0.024029097
1896	812.34	25.09	19.1	6.2	257.0946912	316.505214	317.2666935	-0.312603515
1897	812.3	25.09	19.11	6.3	257.9946912	316.5096714	317.2715991	0.014654383
1898	812.2133333	25.11333333	19.1	6.2	256.3328629	316.5440936	317.3067634	0.113158998
1899	812.12	25.09	19.1	6.5	256.9946912	316.5297333	317.2914849	-0.005245737
1900	811.9983333	25.07	19.1	6.583333333	251.9931697	316.5220695	317.2830865	-0.036284127
1901	811.93	25.05	19.1	5.8	240.9946912	316.50846	317.2686771	-0.000729278
1902	811.85	25.05	19.1	5.7	237.1946912	316.5173797	317.2776956	0.029328729
1903	811.7133333	25.02333333	19.1	5.866666667	236.2566182	316.5043139	317.2636206	-0.015467441
1904	811.58	25.01	19.1	5.9	235.7946912	316.5050309	317.2639136	0.021220343
1906	811.45	24.99	19.1	5.85	234.4485374	316.4983008	317.2564615	-0.17707016
1908	811.2733333	24.97	19.1	5.866666667	233.6304876	316.496778	317.254275	-0.360602444
1910	811.06	24.97	19.1	5.9	233.0946912	316.5205847	317.2783445	1.40939046
1911	810.97	24.93	19.1	5.75	232.792952	316.4881604	317.2442698	-0.04740305
1912	810.86	25.01	19.1	5.6	233.2946912	316.5853827	317.3451544	0.14209699
1914	810.66	24.95	19.1	5.6	233.90362	316.5440067	317.3013781	
1915	810.57	24.93	19.1	5.6	233.5946912	316.5328201	317.2894218	
1916	810.47	24.89	19.1	5.7	234.9946912	316.5015118	317.2564776	-0.102999743
1917	810.42	24.89	19.1	5.6	235.3946912	316.5070964	317.2621236	0.018372491
1918	810.295	24.89	19.1	5.6	235.5946912	316.5210598	317.2762407	
1921	810.065	24.895	19.1	5.85	235.7391354	316.5520702	317.3077537	0.048968516
1922	809.98	24.86	19.1	5.9	235.2946912	316.5243962	317.2786466	-0.364210061
1923	809.89	24.86	19.1	5.8	236.7946912	316.5344556	317.2888165	0.033097264
1924	809.79	24.84	19.1	5.65	237.6902663	316.5243904	317.2779966	-0.014719282
1925	809.7	24.82	19.1	5.6	237.6946912	316.5132076	317.2660473	-0.147194314
1927	809.4933333	24.82	19.1	5.566666667	238.5923196	316.5363164	317.2894097	1.368763562
1929	809.29	24.78	19.1	5.6	238.2946912	316.5165642	317.2681549	-1.170102163
1930	809.195	24.78	19.1	5.65	238.5415938	316.5271913	317.2788984	0.139897818
1931	809.11	24.78	19.1	5.5	239.9946912	316.5367011	317.2885123	0.013909953
1933	808.98	24.78	19.1	5.6	241.0946912	316.551248	317.3032186	0.09574959
1934	808.86	24.74	19.11	5.6	241.9946909	316.5221769	317.2729378	-1.21299E+27
1935	808.73	24.74	19.11	5.65	241.2433637	316.5367275	317.2876476	0.191573653
1937	808.61	24.71	19.11	5.7	241.2946912	316.5182824	317.2680384	-0.485747182
1938	808.475	24.71	19.11	5.5	241.1446912	316.5333975	317.2833186	0.012439115
1939	808.39	24.71	19.11	5.5	240.5365092	316.5429158	317.2929408	
1940	808.26	24.67	19.11	5.5	238.7946912	316.514965	317.2634034	
1941	808.19	24.71	19.11	5.7	237.7946912	316.5653173	317.3155871	0.041437826
1942	808.08	24.67	19.11	5.7	238.3946912	316.5351275	317.2837857	
1943	807.97	24.71	19.11	5.6	238.2946912	316.5899671	317.3405064	0.180523056
1944	807.91	24.63	19.11	5.533333333	236.6001296	316.511659	317.2587819	-0.580155044
1946	807.72	24.67	19.11	5.5	235.3446912	316.5754698	317.324568	3.781490901
1947	807.63	24.61	19.11	5.5	235.7946912	316.5217783	317.2683721	
1949	807.43	24.59	19.11	5.5	235.5946912	316.5229378	317.2689056	
1951	807.295	24.59	19.11	5.55	235.8442407	316.538075	317.2842073	0.398795212
1952	807.195	24.59	19.11	5.5	236.1446912	316.54929	317.2955441	0.147730549
1953	807.11	24.55	19.11	5.6	236.1946912	316.5162957	317.2609155	-0.108670012
1954	806.98	24.55	19.11	5.6	236.1946912	316.5308777	317.2756557	
1955	806.87	24.55	19.11	5.7	236.6946912	316.5432187	317.2881306	0.040646345
1956	806.8	24.52	19.11	5.7	237.3946912	316.5191735	317.2628689	
1957	806.69	24.52	19.11	5.7	237.9946912	316.5315168	317.2753459	
1958	806.61	24.55	19.11	5.8	239.0946912	316.5723969	317.3176254	0.134642956
1959	806.53	24.48	19.11	5.9	239.7946912	316.5069376	317.249228	-0.21564788
1960	806.43	24.48	19.11	5.8	240.2946912	316.518162	317.2605738	0.036977441
1961	806.33	24.48	19.115	5.75	241.0912129	316.5293882	317.2721157	0.147933351
1962	806.24	24.48	19.12	5.8	241.3946912	316.5394933	317.2825244	0.13316019
1963	806.16	24.44	19.12	5.7	241.3946912	316.5059343	317.2473311	-0.110570944
1964	806.06	24.48	19.12	5.7	241.4946912	316.5597079	317.3029577	
1966	805.91	24.44	19.12	5.766666667	243.0051009	316.5340115	317.2757116	-0.380992286
1967	805.79	24.41	19.12	5.9	244.3946912	316.5155814	317.2561301	-0.034160671
1968	805.75	24.44	19.12	5.9	244.4946912	316.5519867	317.293881	
1969	805.61	24.41	19.12	5.8	243.7946912	316.5358057	317.2765726	-0.053318931
1970	805.56	24.41	19.12	5.9	243.6946912	316.5414246	317.2822521	0.018515138
1971	805.43	24.425	19.12	5.8	243.9946912	316.5719934	317.3136271	0.100723902
1972	805.34	24.44	19.12	5.8	244.0946912	316.5980693	317.3404615	
1973	805.25	24.41	19.12	5.75	244.4433868	316.5762718	317.3174753	-0.287304322
1974	805.11	24.37	19.12	5.7	244.0946912	316.5494565	317.2891019	-0.353489699
1975	805.02	24.37	19.12	5.7	244.6946912	316.5595775	317.2993319	
1976	804.98	24.41	19.12	5.7	244.7946912	316.6066366	317.3481679	
1977	804.89	24.33	19.12	5.8	244.8946912	316.5316377	317.2698246	-0.247199436
1978	804.82	24.37	19.12	6	246.1946912	316.582074	317.3220707	0.041554428
1979	804.71	24.35	19.12	6.05	246.5913853	316.5731679	317.3124348	-0.117411664
1980	804.62	24.37	19.12	5.8	247.2946912	316.6045777	317.3448169	0.016562221
1981	804.51	24.29	19.12	5.7	245.9946912	316.5318228	317.268747	-0.239835188
1982	804.41	24.34333333	19.12	5.5	243.8722496	316.5998349	317.3391776	0.056040186
1983	804.3	24.33	19.12	5.6	243.2946912	316.5980278	317.3369286	-0.00595641
1984	804.21	24.29	19.12	5.8	243.6946912	316.5655886	317.3028752	-0.026733821
1985	804.1	24.29	19.12	5.9	245.6946912	316.5779734	317.315393	0.04082647
1986	804.01	24.29	19.12	5.9	245.9946912	316.5881081	317.3256365	
1987	803.92	24.26	19.12	5.85	245.2904176	316.566312	317.3026585	-0.28743162
1989	803.765	24.24	19.125	6.05	245.0930383	316.5624808	317.2983474	-0.006315729
1990	803.7	24.26	19.13	6.2	244.3946912	316.5910929	317.3280903	0.04192383
1991	803.61	24.22	19.12	6.2	244.9946912	316.5586519	317.2936543	
1992	803.465	24.24	19.13	6.05	245.3459309	316.5962814	317.3327026	0.055140336
1993	803.38	24.22	19.13	6	244.7946912	316.5845688	317.3202331	-0.154477941
1994	803.29	24.18	19.13	5.9	244.3946912	316.5521268	317.2861831	-0.106983944
1995	803.215	24.2	19.13	6	243.7446912	316.5818738	317.3168784	0.098090057
1996	803.11	24.22	19.13	6	243.3946912	316.6150051	317.3509954	
1997	803.02	24.15	19.13	5.8	243.3946912	316.5506209	317.2837168	-0.053085337
1999	802.84	24.15	19.13	5.9	243.4506235	316.5709172	317.3042298	0.133876077
2001	802.6566667	24.13666667	19.13666667	6	243.0019197	316.5773969	317.3106145	0.042742228
2003	802.485	24.09	19.14	5.8	239.9472774	316.5470659	317.2786207	-0.050026411
2004	802.4	24.09	19.14	5.8	239.3015878	316.5566559	317.2883128	
2006	802.21	24.07	19.14	5.5	239.3946912	316.5567959	317.2878264	0.000102633
2007	802.07	24.07	19.14	5.9	239.5946912	316.5725977	317.3037963	0.003258054
2008	802.055	24.055	19.14	5.8	239.2265857	316.5583141	317.2888901	-0.047122616
2010	801.87	24.04	19.14	6	236.6946912	316.5632222	317.2933799	0.008096429
2011	801.735	24.02	19.145	5.8	237.1774494	316.5571615	317.2868186	-0.004999256
2012	801.69	24.04	19.14	5.7	237.3946912	316.5835484	317.3139222	0.0870572
2013	801.56	24	19.14	5.5	238.6946912	316.5556199	317.2844437	-0.023038896
2014	801.46	23.98666667	19.15	5.533333333	240.0928757	316.5527111	317.2814673	-0.086388486
2016	801.28	23.98	19.15	5.55	241.8487453	316.5659443	317.2946322	3.144142701
2017	801.15	23.98	19.145	5.5	243.7446912	316.5806348	317.3092881	0.193908966
2018	801.06	23.96	19.15	5.5	244.3946912	316.569497	317.2975966	
2019	800.97	23.96	19.15	5.7	245.0946912	316.5796698	317.3078773	0.008392986
2020	800.925	23.945	19.15	5.9	246.7150309	316.5687736	317.2963965	-0.00899024
2021	800.83	23.945	19.15	5.85	246.4964006	316.5795134	317.3072501	0.141779209
2022	800.7	23.93	19.15	6.2	247.1946912	316.5782283	317.3054824	-0.000346247
2023	800.6533333	23.93	19.15	6.266666667	247.8627764	316.5835055	317.3108155	0.039188789
2024	800.55	23.91	19.15	6.1	244.6668264	316.5738782	317.3004615	-0.011439627
2025	800.46	23.89	19.16	5.9	243.2946912	316.5627432	317.2889636	-0.009188918
2026	800.37	23.89	19.15	5.9	242.0946912	316.5729235	317.2988724	
2027	800.26	23.90333333	19.15333333	5.966666667	243.5326832	316.5995791	317.3263524	0.197963772
2028	800.185	23.87	19.155	5.9	243.698081	316.5725378	317.2980481	-0.200851284
2030	800	23.89	19.155	6.45	246.6024439	316.6147921	317.341373	0.009221685
2031	799.92	23.85	19.16	6.266666667	246.5744729	316.5812099	317.3063774	-0.032985222
2032	799.82	23.85	19.16	6.2	244.7946912	316.5925297	317.3178167	0.084084378
2033	799.71	23.82	19.165	6.35	243.9978408	316.5730033	317.2973385	-0.028653383
2035	799.5566667	23.82	19.17	6.333333333	244.5299575	316.5903653	317.3150725	4.127325246
2036	799.49	23.82	19.17	6.3	244.4946912	316.5979152	317.322702	0.224347084
2037	799.38	23.78	19.17	6.3	243.2446912	316.567729	317.2909523	
2038	799.2966667	23.78	19.17333333	6.3	242.2613581	316.5771681	317.3006165	
2039	799.14	23.78	19.17	6.4	242.8946912	316.5949168	317.3184263	0.058608926
2040	799.09	23.75	19.18	6.4	242.7946912	316.5685949	317.2912713	
2041	798.95	23.75	19.17	6.4	242.9946912	316.584459	317.3069254	
2042	798.885	23.75	19.18	6.5	242.8446912	316.5918257	317.3147465	0.024328476
2043	798.77	23.71	19.18	6.6	242.1946912	316.5622062	317.2835728	-0.097830977
2044	798.68	23.71	19.18	6.5	241.3946912	316.572408	317.2938817	0.03369576
2045	798.59	23.71	19.18	6.4	240.7946912	316.5826113	317.3041921	0.033700644
2047	798.46	23.71	19.18	6.5	240.3946912	316.597352	317.3190876	0.097374663
2048	798.39	23.67	19.19	6.4	239.6946912	316.56263	317.2831358	-0.114699323
2049	798.29	23.655	19.19	6.25	238.4466912	316.5579725	317.2779644	-0.006838279
2050	798.21	23.67	19.2	6.3	237.7946912	316.5830448	317.3041402	0.331292037
2052	797.975	23.655	19.19	6.3	237.2946912	316.5937065	317.3140728	
2053	797.905	23.62	19.2	6.5	238.1946912	316.5643152	317.283664	-0.02427663
2054	797.82	23.57	19.2	6.4	237.2946912	316.5206242	317.2379696	-0.144375997
2055	797.73	23.6	19.2	6.4	238.1946912	316.5628398	317.2815539	
2056	797.64	23.53	19.2	6.1	235.5946912	316.4983789	317.2142576	-0.023670917
2057	797.55	23.57	19.2	6.1	235.5946912	316.5512665	317.2689318	
2058	797.45	23.57	19.21	6.2	235.3946912	316.5626188	317.2807765	0.037513698
2060	797.225	23.55	19.21	6.3	236.2446912	316.5668293	317.2844125	0.027828343
2061	797.12	23.49	19.21	6.2	235.6946912	316.5147348	317.2299231	-0.172191499
2062	797.03	23.53	19.21	6.3	235.5946912	316.5676375	317.2846112	0.174839485
2063	796.99	23.49	19.21	6.2	235.6946912	316.5294995	317.2448415	-0.126060231
2064	796.9	23.53	19.21	6.2	236.0946912	316.5824064	317.2995341	
2065	796.81	23.53	19.21	6.1	235.7946912	316.5926328	317.3098672	0.033797474
2066	796.72	23.49	19.21	6.1	234.6946912	316.5601746	317.2758359	
2067	796.63	23.49	19.21	6	234.5946912	316.5704025	317.2861704	0.033807292
2068	796.49	23.49	19.22	6	235.2946912	316.5863157	317.3026219	
2069	796.4	23.46	19.22	6	235.6946912	316.5645293	317.2796832	
2070	796.36	23.46	19.22	6.1	235.7946912	316.5690767	317.284278	0.015032621
2071	796.24	23.46	19.22	6.1	236.6946912	316.582721	317.2980642	
2073	796.08	23.405	19.23	6.05	237.8401456	316.5422105	317.2558103	-1.071524408
2074	795.95	23.39	19.23	6	238.5946912	316.540984	317.2541098	-0.016220614
2075	795.9	23.39	19.23	6	238.3946912	316.5466712	317.259856	
2076	795.75	23.42	19.23	6	238.2946912	316.5957613	317.3103792	
2077	795.66	23.39	19.23	5.8	238.5946912	316.5739761	317.2874442	-0.018008053
2078	795.57	23.39	19.23	5.8	238.8946912	316.5842182	317.2977925	
2079	795.485	23.35	19.24	5.9	240.1446912	316.5511876	317.2635602	-0.109229835
2080	795.4	23.35	19.24	5.9	241.3946912	316.560862	317.2733349	
2081	795.36	23.35	19.24	6	241.2946912	316.5654152	317.2779352	0.015056927
2082	795.22	23.32	19.25	5.6	242.3946912	316.5493217	317.2611234	-0.00332659
2083	795.135	23.335	19.245	5.6	242.1839768	316.5750156	317.2873593	
2084	795.02	23.32	19.25	5.3	240.7946912	316.5720947	317.2841323	-0.00107337
2085	794.955	23.3	19.25	5.3	240.8446912	316.5581408	317.2694198	
2087	794.8	23.28	19.25	5.4	241.5946912	316.5544379	317.2650652	-0.024495821
2088	794.66	23.28	19.25	5.7	240.2946912	316.570387	317.2811791	0.005861631
2089	794.59	23.265	19.26	5.8	242.2946912	316.5623434	317.2729614	-0.026607016
2091	794.41	23.28	19.26	5.65	243.8973461	316.5988764	317.3103324	0.107413605
2093	794.23	23.245	19.26	5.4	244.1946912	316.582012	317.29222	-0.017852464
2094	794.16	23.21	19.26	5.4	244.2946912	316.5526077	317.2614404	
2095	794.03	23.21	19.27	5.55	245.5451416	316.5674293	317.2767829	0.02179416
2097	793.89	23.21	19.27	5.6	246.5946912	316.5833944	317.2929127	0.422563788
2098	793.775	23.21	19.27	5.85	247.2468279	316.5965114	317.306165	0.006943584
2099	793.66	23.17	19.27	6	250.5946912	316.5668976	317.2750217	-0.043551173
2100	793.62	23.17	19.27	5.9	249.4946912	316.5714608	317.2796319	0.015099389
2101	793.4933333	23.16	19.27666667	5.833333333	252.0564058	316.5752292	317.2833783	0.028057249
2102	793.39	23.14	19.28	5.7	252.3946912	316.5656521	317.2732135	-0.017827503
2104	793.2	23.14	19.28	5.9	252.3613582	316.5873373	317.2951219	0.035881104
2106	793.04	23.14	19.28	5.75	250.6981695	316.6056038	317.3135763	0.053732091
2107	792.935	23.1	19.28	5.6	248.9946912	316.5748493	317.2812838	-0.045239282
2108	792.87	23.1	19.285	5.65	250.3504436	316.5822717	317.2889656	0.098263886
2109	792.74	23.1	19.29	5.8	251.8446912	316.5971187	317.3041484	0.021839716
2110	792.7	23.07	19.29	5.8	251.0946912	316.5696267	317.2754584	
2112	792.5025	23.06	19.29	5.775	250.5215309	316.5815002	317.2871488	1.257698357
2114	792.32	23.05	19.29	5.8	250.1946912	316.5916651	317.2971131	1.076758084
2115	792.19	23.03	19.295	5.8	249.0446912	316.5851452	317.2900995	
2117	792.055	23.015	19.3	5.75	247.5425173	316.5845425	317.2892163	-0.015961659
2119	791.8533333	23.01	19.3	5.8	247.2613579	316.6022545	317.3069575	0.469115632
2120	791.79	23	19.3	5.8	247.4946912	316.5988065	317.3031696	
2121	791.6533333	22.98666667	19.30333333	5.866666667	247.8958277	316.6001824	317.3042753	0.010249818
2123	791.465	22.98	19.31	5.95	247.2930105	316.6145991	317.3188797	0.137475061
2125	791.29	22.96	19.31	5.9	246.7446912	316.6132389	317.3168969	-0.03603064
2126	791.2	22.93	19.31	6	246.9446912	316.5914605	317.2939838	-0.072121651
2127	791.11	22.93	19.32	5.9	246.6946912	316.6017609	317.3047532	0.034110901
2128	791.025	22.91	19.32	5.85	246.7451185	316.5901034	317.2923688	-0.154431121
2129	790.91	22.89	19.32	5.8	246.7946912	316.5818805	317.2834547	-0.108939363
2130	790.83	22.89	19.32	5.8	246.6946912	316.5910394	317.2927071	
2131	790.78	22.89	19.32	5.9	246.6946912	316.5967643	317.2984904	0.018961286
2132	790.64	22.89	19.32	6	246.9946912	316.6127966	317.3146862	0.053099805
2133	790.58	22.875	19.33	6.2	248.2946912	316.6036258	317.3053296	-0.007593918
2135	790.39	22.84	19.335	6.1	248.9946912	316.587955	317.2886186	-0.103822699
2136	790.32	22.86	19.34	6.1	249.0946912	316.6173669	317.3191184	
2137	790.19	22.83	19.33	6.1	249.5946912	316.6001735	317.3004771	
2138	790.14	22.83	19.34	6.1	249.1946912	316.6059032	317.3066275	
2139	790.035	22.81	19.335	6.1	248.4446912	316.5965428	317.2963846	
2141	789.8566667	22.81	19.33666667	6.066666667	247.330406	316.6169847	317.3170948	1.219018366
2142	789.79	22.79	19.34	6	246.1946912	316.6032314	317.3027164	-0.102526593
2143	789.64	22.76	19.33	5.9	245.8946912	316.5883344	317.2863992	-0.049361421
2144	789.595	22.775	19.34	5.8	244.2946912	316.609543	317.308638	0.070271399
2145	789.46	22.76	19.33	5.9	243.6946912	316.6089772	317.3072514	-0.00187478
2147	789.3066667	22.76	19.32333333	5.766666667	244.3941132	316.6265665	317.3247784	0.065568094
2149	789.1066667	22.72	19.31333333	5.733333333	244.295854	316.6067123	317.3031542	-1.18433196
2150	789	22.72	19.29	5.9	244.0946912	316.6189533	317.3146775	0.014603788
2151	788.91	22.72	19.29	5.7	243.3946912	316.6292833	317.325112	0.008558315
2152	788.9	22.69	19.29	5.9	244.1946912	316.5983261	317.2929387	-0.02565033
2153	788.755	22.69	19.29	5.55	243.1460425	316.6149707	317.3097514	0.004503285
2155	788.565	22.67	19.28	5.45	242.4965261	316.6153807	317.3092039	0.002717601
2157	788.405	22.69	19.275	5.65	243.3460186	316.6551635	317.3498095	0.065926119
2159	788.205	22.67	19.265	5.85	243.8442638	316.6567321	317.3504322	0.00259954
2160	788.12	22.65	19.27	6	244.0946912	316.6450899	317.3382518	-0.017151531
2161	788.03	22.65	19.27	5.9	244.1946912	316.6554323	317.3486984	0.034282423
2162	787.9366667	22.63	19.28666667	5.8	244.3946913	316.6447485	317.3379056	-0.03541637
2164	787.785	22.62	19.295	5.8	245.8946912	316.6514763	317.3447002	
2165	787.68	22.6	19.295	5.8	246.4446912	316.6421349	317.3346641	
2167	787.5166667	22.57	19.30666667	5.7	246.9946744	316.628795	317.3207084	-0.08846056
2168	787.41	22.55	19.31	5.8	247.9946912	316.6196465	317.3109877	-0.030335254
2169	787.3	22.55	19.32	5.7	248.1946912	316.6322978	317.3241241	0.041950013
2170	787.23	22.565	19.315	5.7	248.2946912	316.656412	317.3487518	
2171	787.125	22.53	19.325	5.9	248.0946912	316.6310124	317.322405	-0.021056939
2172	787.03	22.55	19.32	5.9	248.0946912	316.6633606	317.3554992	
2173	786.925	22.495	19.33	6	248.2946912	316.6165428	317.3069203	-0.155270607
2174	786.86	22.495	19.335	5.9	248.3404539	316.6240228	317.3146539	0.024807324
2176	786.6933333	22.46	19.34666667	5.8	247.2918182	316.6057202	317.2955362	-0.12141526
2178	786.5133333	22.47	19.35333333	5.9	247.6319806	316.6371523	317.3278208	0.208506039
2180	786.325	22.465	19.355	5.75	248.051213	316.6534845	317.3442266	0.048152181
2181	786.26	22.45	19.35	5.8	247.8946912	316.644903	317.3349314	-0.113859185
2182	786.17	22.41	19.37	5.5	247.8946912	316.6124207	317.3016392	-0.01197312
2183	786.075	22.41	19.37	5.55	247.1433398	316.6233637	317.3126918	0.145210475
2185	785.8725	22.395	19.3725	5.95	247.9266165	316.630625	317.3196661	0.003011282
2187	785.71	22.38	19.38	5.9	248.8946912	316.6332813	317.3221671	0.070502805
2188	785.6	22.36	19.38	5.9	249.6946912	316.6245315	317.312732	
2189	785.53	22.34	19.39	5.9	250.4946912	316.6111711	317.2989957	
2190	785.39	22.34	19.39	6	251.5963579	316.6273113	317.3152972	0.053556614
2192	785.23	22.345	19.39	6.3	252.5010405	316.6511197	317.339493	0.017555664
2193	785.125	22.31	19.405	6.6	252.2946912	316.6257233	317.3133294	-0.009364385
2195	784.955	22.325	19.43	6.45	252.7404275	316.6614093	317.350707	0.105262163
2196	784.84	22.31	19.44	6.4	251.9946912	316.6586023	317.3477777	-0.037259532
2197	784.8	22.28	19.45	6.6	251.4946912	316.6310653	317.319422	-0.022848181
2198	784.68	22.28	19.445	6.5	251.4946912	316.6449133	317.3332315	0.045960119
2199	784.5933333	22.24	19.44666667	6.4	249.943148	316.6120425	317.2988966	-0.109109711
2201	784.4	22.23	19.45333333	6.133333333	245.7435917	316.6236396	317.3105465	0.010827059
2202	784.34	22.21	19.45	5.95	243.3425903	316.6091277	317.2951758	-0.01433298
2203	784.2333333	22.2	19.45666667	6.066666667	241.0188754	316.6107233	317.2967243	0.003891643
2204	784.11	22.21	19.46	6.1	240.0946912	316.6356857	317.3223513	0.745805674
2205	784.06	22.21	19.45	6	238.3946912	316.6414605	317.3278308	0.019170504
2207	783.8666667	22.15333333	19.45	5.766666667	237.099318	316.6030402	317.2873403	-0.046861616
2208	783.79	22.14	19.44	5.8	236.7946912	316.5976015	317.2810995	-0.162531096
2210	783.58	22.14	19.44	5.9	237.4946912	316.6218658	317.3056048	0.161137925
2211	783.52	22.11	19.44	5.9	236.5946912	316.5966321	317.2792297	
2212	783.42	22.125	19.43	6.05	237.458328	316.6242739	317.3072396	0.040794874
2213	783.29	22.11	19.43	6	237.3946912	316.6232168	317.3057267	-0.014041493
2215	783.15	22.14	19.42	6.3	237.4946912	316.671576	317.3551048	0.035683392
2217	782.98	22.11	19.42	6.2	237.9946912	316.6590643	317.3415782	-0.08309802
2218	782.895	22.07	19.43	6.35	239.0427227	316.6259963	317.3073476	-0.048812149
2219	782.79	22.075	19.44	6.4	238.707192	316.6435051	317.3255287	0.232601024
2221	782.65	22.04	19.45	6.2	236.4946912	316.6221622	317.3032876	-0.035446184
2222	782.52	22.025	19.44	6.1	236.1897731	316.6211152	317.3014359	-0.00347807
2224	782.345	22.01	19.455	5.7	235.8946912	316.6252784	317.305721	0.00172874
2225	782.25	21.97	19.44	5.6	235.4946912	316.5933648	317.271786	-0.106029087
2227	782.06	22.01	19.42	5.5	234.7946912	316.6582743	317.3378183	0.431249605
2228	781.955	21.99	19.41	5.65	235.2000011	316.6489771	317.3274888	-0.013727484
2229	781.87	21.97	19.39	5.7	236.3946912	316.6373637	317.3144725	-0.154335918
2230	781.83	21.98	19.39	5.7	236.8946912	316.652726	317.3302806	
2231	781.74	21.97	19.38	5.5	236.2946912	316.6524223	317.3293298	-0.000252304
2232	781.625	21.955	19.37	5.45	237.3414801	316.6496511	317.3257406	-0.036829502
2233	781.525	21.955	19.375	5.4	237.4446912	316.6612381	317.337616	0.153993729
2234	781.41	21.94	19.38	5.4	238.1446912	316.6584696	317.3345532	
2235	781.32	21.94	19.38	5.4	238.3946912	316.6689012	317.3450873	
2236	781.23	21.94	19.38	5.5	238.2946912	316.6793344	317.3556229	0.03466658
2238	781.07	21.92	19.38666667	5.433333333	238.3953047	316.6764216	317.3523254	-0.043556771
2240	780.885	21.89	19.39	5.5	238.4446912	316.665678	317.3407104	-0.160667055
2241	780.83	21.87	19.39	5.5	238.6946912	316.6505905	317.3248875	
2242	780.73	21.88	19.39	5.5	238.2946912	316.6729232	317.3477327	
2243	780.61	21.85	19.39333333	5.566666667	237.7940925	316.6546432	317.3285086	-0.136705583
2244	780.51	21.88	19.4	5.5	237.4946912	316.6984489	317.3738567	0.327563623
2246	780.34	21.825	19.395	5.55	237.3442407	316.6591364	317.3323703	-1.045402616
2247	780.245	21.825	19.405	5.75	237.9955607	316.6701631	317.3438519	0.009163178
2248	780.16	21.825	19.405	5.8	238.0446912	316.6800303	317.3538156	0.131194911
2249	780.06	21.81	19.405	5.75	237.2981695	316.6755359	317.3488371	-0.059760559
2251	779.895	21.79	19.41	5.65	237.4424788	316.673222	317.3460875	-0.015384779
2252	779.83	21.78	19.4	5.7	237.4946912	316.6700338	317.3422286	-0.042396821
2253	779.74	21.78	19.41	5.6	237.8946912	316.680487	317.3531303	0.034751778
2254	779.64	21.74	19.41	5.7	236.7946912	316.6491519	317.3203184	-0.10418818
2255	779.58	21.74	19.41	5.7	236.5946912	316.6561218	317.3273562	
2256	779.41	21.74	19.415	5.8	237.3084852	316.6758734	317.3474733	0.065673651
2257	779.375	21.74	19.41	5.8	237.1946912	316.6799407	317.3514072	
2258	779.23	21.74	19.41	6	238.7946912	316.6967929	317.3684238	0.014008339
2259	779.14	21.74	19.42	6.2	239.7946912	316.707255	317.379334	0.008696548
2260	779.09	21.68	19.42	6	239.9946912	316.6486277	317.3183809	-0.048743456
2261	778.99	21.71	19.425	5.8	237.9446912	316.692474	317.3637035	0.036450634
2262	778.922	21.722	19.424	5.82	237.2933187	316.7132698	317.3850186	1.72873967
