ALT	PRESS	TEMP	RH	SPEED	DIR	POTT	VIRPOT	Ri
1312	867.98	19.205	23.455	2.4	124.3905759	304.4365184	305.0424368	
1313	867.885	19.2	23.49	2.45	126.9682574	304.4408418	305.0475697	0.057999299
1319	867.31	20.525	23.205	4.95	119.792671	305.878613	306.5277994	0.046083058
1321	867.07	20.81	23.21	5.7	118.1876736	306.1996931	306.8603352	0.038078514
1322	866.93	21.31	23.23	6	116.9946912	306.7346756	307.415904	0.197933177
1323	866.86	21.51	23.24	6.4	116.0946912	306.9501012	307.6398013	0.044802709
1325	866.67	21.98	23.26	6.8	113.6829263	307.4589809	308.1688919	0.211329464
1327	866.48	22.665	23.28	7	112.1446912	308.1919203	308.9318738	1.214693654
1329	866.3	23.42	23.29	7.75	111.9927557	308.9968693	309.7708473	0.094623283
1330	866.16	24.08	23.28	8	111.5946912	309.6988396	310.503059	0.370506605
1331	866.07	24.31	23.27	8.2	110.9946912	309.9476993	310.7625309	0.205076586
1332	865.965	24.62	23.27	8.25	110.4952972	310.2814719	311.1112686	4.396226468
1334	865.775	24.78	23.285	8.15	109.347452	310.4676789	311.3060106	1.225637562
1335	865.64	24.86	23.31	8.1	108.3946912	310.5648962	311.4082103	1.27945042
1336	865.58	24.88	23.33	8	108.3446912	310.5918959	311.4369915	0.088827713
1338	865.355	24.955	23.37	7.9	109.3946912	310.6931579	311.543688	0.666128253
1339	865.24	25.1	23.41	7.9	112.0946912	310.8560957	311.7154312	
1340	865.16	25.06	23.4	7.9	110.8946912	310.8226245	311.6797063	
1341	865.11	25.18	23.44	7.9	112.8946912	310.9528396	311.8174491	
1342	864.975	25.34	23.485	7.75	113.9430783	311.1334968	312.0080173	0.263750735
1343	864.845	25.52	23.565	7.7	114.7946912	311.3345038	312.2213746	2.639554121
1346	864.62	25.62	23.64	7.6	115.9946912	311.461921	312.3570855	1.254478614
1347	864.51	25.64	23.71	7.6	117.1446912	311.4941055	312.3931111	
1348	864.4	25.66	23.78	7.5	117.4946912	311.5262926	312.4291476	0.105617814
1349	864.33	25.7	23.82	7.5	117.0946912	311.5752113	312.4817768	
1350	864.18	25.74	23.86	7.5	116.5946912	311.632383	312.5427823	
1351	864.07	25.68	23.935	7.5	116.4446912	311.5811687	312.4914186	
1353	863.895	25.765	24.09	7.45	118.2409998	311.6878507	312.608756	2.799526611
1354	863.84	25.87	24.27	7.4	119.8946912	311.8030151	312.7365284	1.510529523
1355	863.74	25.91	24.42	7.4	120.8946912	311.8550504	312.7966507	
1356	863.5766667	26.12	24.71333333	7.466666667	121.8272809	312.0909156	313.0556944	1.738739565
1357	863.48	26.29	24.91	7.5	121.6946912	312.2781956	313.2603828	5.519192667
1359	863.26	26.29	24.89	7.4	121.1946912	312.3009544	313.282683	0.149046211
1360	863.17	26.33	24.88	7.5	120.1946912	312.3519862	313.3357221	0.167080086
1361	863.13	26.33	24.86	7.5	120.2906911	312.356126	313.3391313	
1362	863.04	26.37	24.81	7.6	120.4946912	312.4071627	313.3905914	0.167073646
1363	862.91	26.37	24.73	7.7	121.0946912	312.4206226	313.4010751	0.044062309
1364	862.805	26.35	24.74	7.7	121.0446912	312.4106341	313.39051	
1365	862.68	26.37	24.69	7.8	121.3946912	312.4444426	313.4236536	0.110675527
1366	862.64	26.41	24.63	7.9	121.5946912	312.4903126	313.4694591	0.150140112
1367	862.5	26.46	24.6	8	121.4946912	312.5569792	313.5379656	0.218174304
1369	862.345	26.41	24.575	8.1	120.6446912	312.5208823	313.4982833	-0.236302303
1371	862.1133333	26.47333333	24.48666667	8.033333333	118.2975923	312.6109772	313.5887732	1.326749222
1386	860.62	26.33	24.79	8	118.9946912	312.6163976	313.6004087	2.395761829
1388	860.47	26.37	24.91	7.9	118.1946912	312.6737392	313.6650249	0.37542719
1389	860.355	26.375	25.03	7.8	118.4446912	312.6909114	313.6874354	0.056213835
1390	860.27	26.37	25.06	7.8	118.2946912	312.6945274	313.6920882	
1391	860.18	26.42	25.06	7.9	117.2946912	312.7560849	313.7566637	0.201481229
1393	860	26.46	25.06	7.9	116.9946912	312.8165684	313.8197339	
1394	859.9033333	26.41666667	25.05666667	7.733333333	117.395553	312.7813808	313.782059	-0.041462074
1395	859.78	26.37	25.07	7.8	117.0946912	312.7454847	313.7441942	-0.264395978
1396	859.65	26.42	25.06	8	118.0946912	312.8112203	313.8126133	0.053789056
1397	859.56	26.37	25.08	8	118.0946912	312.7683757	313.767821	
1398	859.495	26.435	25.085	7.9	118.6946912	312.8430167	313.8465146	0.244292055
1400	859.315	26.415	25.085	7.9	118.7946912	312.8408711	313.8434898	
1401	859.2	26.41	25.08	7.9	120.2946912	312.8476241	313.8499311	
1402	859.11	26.46	25.08	8.1	121.2946912	312.9092165	313.9145555	0.050392079
1403	859.03	26.46	25.08	8.1	122.7946912	312.9175505	313.923013	
1404	858.9	26.42	25.09	8.1	122.3946912	312.8893168	313.8930641	
1405	858.7733333	26.44333333	25.05666667	7.966666667	122.4925976	312.9268871	313.9308455	0.069164987
1407	858.57	26.46	25.01	7.9	123.7946912	312.9654901	313.9688554	0.568498506
1409	858.4	26.5	24.99333333	8.033333333	122.5135054	313.0250008	314.0302743	0.219070705
1411	858.22	26.42	25.04	8.1	118.2946912	312.9602002	313.9629948	-0.954431126
1413	857.99	26.415	25.08	8.15	117.8449979	312.9789679	313.9834302	0.491430109
1415	857.82	26.33	25.04	8.1	116.4446912	312.9078947	313.9061124	-1.861571759
1417	857.64	26.29	25.07	8.1	116.5946912	312.8848796	313.8822661	
1418	857.535	26.33	25.085	8.25	118.0971155	312.9376333	313.9380835	0.076763393
1419	857.48	26.37	25.14	8.2	119.7946912	312.9851723	313.9902168	0.622494375
1420	857.33	26.33	25.1	8.2	120.7946912	312.9590325	313.9603968	
1421	857.24	26.42	25.1	8.2	122.5946912	313.0624828	314.0691971	
1422	857.13	26.44	25.095	8.2	124.3446912	313.0948746	314.1027202	
1423	857.06	26.46	25.06	8.2	125.1946912	313.1230898	314.1307994	
1424	856.97	26.46	25.04	8.2	125.5946912	313.1324944	314.1395394	
1425	856.88	26.54	25	8.3	125.4946912	313.2255135	314.2357362	0.304334784
1426	856.79	26.58	24.925	8.2	126.1446912	313.2767311	314.2863869	0.167548378
1428	856.52	26.59	24.87	8.2	125.6946912	313.3154244	314.3238524	
1429	856.43	26.54	24.85	8.1	124.8946912	313.2725747	314.2774325	-0.140193497
1430	856.35	26.59	24.85	8	124.6946912	313.3332119	314.341093	0.198356548
1431	856.26	26.59	24.83	8	123.6946912	313.3426307	314.3498403	
1432	856.17	26.58	24.81	8	122.4946912	313.3415965	314.3475548	
1435	855.91	26.63	24.81	8	121.2946912	313.4210914	314.4303558	
1438	855.62	26.63	24.7	7.9	124.4946912	313.4514693	314.4567087	0.298077458
1459	853.53	26.46	24.29	8.1	117.8946912	313.4929153	314.4749973	0.712093288
1461	853.3633333	26.48666667	24.31666667	7.566666667	122.2210977	313.5383291	314.5232556	0.010449051
1463	853.15	26.42	24.36	7.35	126.8409496	313.490985	314.4742061	-0.066018351
1465	852.94	26.37	24.33	7.4	127.7946912	313.4607304	314.4402313	-0.792331227
1466	852.89	26.42	24.25	7.1	126.7946912	313.518314	314.4974891	0.020941584
1467	852.76	26.42	24.24	6.8	127.4946912	313.5319826	314.5109508	0.004970872
1468	852.69	26.37	24.23	6.9	129.3946912	313.4870121	314.4628646	-0.147215399
1469	852.58	26.33	24.21	6.9	128.3946912	313.4567123	314.4296779	
1470	852.53	26.37	24.2	6.7	125.1946912	313.5038375	314.4787232	0.038567265
1471	852.41	26.29	24.21	6.7	123.3946912	313.4327209	314.4036992	
1472	852.34	26.37	24.24	6.6	120.6946912	313.523823	314.5006074	0.298231977
1473	852.18	26.37	24.22	6.7	121.3946912	313.5406574	314.5168777	0.055108914
1474	852.09	26.33	24.195	6.55	122.5916377	313.5082548	314.4813556	-0.047149899
1475	852.005	26.29	24.16	6.9	118.6446912	313.475325	314.4449058	-0.00880227
1478	851.72	26.25	24.18	6.8	121.2946912	313.4634421	314.4320158	-0.116746299
1480	851.53	26.29	24.17333333	7.466666667	119.8210799	313.5253257	314.4961559	0.009118639
1481	851.38	26.29	24.19	7.3	117.0946912	313.5411228	314.5128482	0.018621704
1483	851.25	26.25	24.2	7.2	122.3946912	313.512931	314.4830123	-0.184650845
1484	851.16	26.16	24.21	6.9	124.8946912	313.4281664	314.3937543	-0.030853341
1485	851.045	26.2	24.195	6.9	125.3439665	313.4821672	314.4495604	
1486	850.93	26.18	24.24	7.5	125.3106887	313.4733382	314.4415848	-0.000803363
1487	850.88	26.16	24.26	7.8	127.2946912	313.457661	314.4256633	-0.005706294
1488	850.76	26.08	24.25	7.4	133.8946912	313.3865206	314.349843	-0.014569433
1489	850.66	26.08	24.23	7.2	136.2946912	313.3970565	314.3597338	0.008630945
1490	850.53	26.16	24.2	7	139.9946912	313.4945469	314.4606794	0.079842062
1491	850.45	26.16	24.17	6.7	143.6946912	313.5029807	314.4680353	0.003069802
1492	850.4	26.12	24.15	6.5	144.9946912	313.4663548	314.4284608	-0.029999615
1493	850.23	26.12	24.11	6.6	144.7946912	313.484279	314.4450449	0.058725492
1494	850.21	26.12	24.12	6.6	145.1946912	313.486388	314.4475822	
1495	850.05	26.12	24.11	6.8	143.0946912	313.5032625	314.4642968	0.01382163
1496	849.94	26.12	24.08	6.5	139.4946912	313.5148661	314.4748685	0.004224138
1500	849.61	26.2	23.87	6	123.3946912	313.6335057	314.5900321	0.062175851
1510	848.6	26.12	23.79	5.2	138.2946912	313.6563742	314.6067919	0.011707017
1528	846.91	26.04	23.68	5.3	110.0946912	313.7513601	314.6955016	5.603197562
1531	846.56	25.91	23.74	5.3	117.6946912	313.6521105	314.5920711	
1532	846.54	25.91	23.72	5.6	115.9946912	313.6542298	314.5934278	0.000772047
1533	846.385	25.85	23.735	5.4	125.9689066	313.6077251	314.5444883	-0.038125582
1534	846.28	25.91	23.72	5.6	132.8946912	313.6817866	314.6213653	0.060705102
1535	846.25	25.91	23.72	5.2	135.4946912	313.6849669	314.6245896	0.000651696
1536	846.105	25.85	23.72	4.7	138.4946912	313.6374036	314.5739835	-0.006238954
1537	846.02	25.91	23.71	4.3	138.3946912	313.7093543	314.6489177	0.014743737
1539	845.85	25.85	23.705	4.4	143.6446912	313.6644424	314.6008022	-0.294558317
1540	845.75	25.87	23.71	4.3	146.0946912	313.6960306	314.6338181	0.103579956
1541	845.63	25.83	23.69	4.15	144.5091511	313.6667964	314.6018027	-0.042610556
1543	845.425	25.91	23.66	3.9	141.9446912	313.7724835	314.7109362	0.110882947
1545	845.29	25.91	23.63	3.9	138.5946912	313.7868142	314.7242744	
1546	845.17	25.95	23.65	4.1	136.2946912	313.841527	314.7821292	0.044839825
1548	844.95	25.93666667	23.63666667	4.3	136.2079498	313.8509037	314.790574	0.015370065
1550	844.775	25.89	23.675	4.7	125.5010556	313.8205236	314.7594382	-0.012451479
1551	844.64	25.95	23.66	4.5	121.7946912	313.8978367	314.8396158	0.063361845
1552	844.57	25.91	23.69	4.6	122.0946912	313.8632972	314.8041951	-0.113242194
1553	844.4566667	26.05333333	23.60666667	4.3	123.2714307	314.0257781	314.9713339	0.059162244
1556	844.195	26.16	23.535	3.75	131.9386801	314.1655736	315.1144736	0.045417092
1557	844.095	26.16	23.525	3.1	140.7446912	314.1762178	315.1248629	0.000825309
1558	844.01	26.16	23.51	3.3	144.2946912	314.1852667	315.1334329	0.007410801
1559	843.91	26.16	23.52	3.4	144.3946912	314.195914	315.1446318	0.034879282
1560	843.77	26.12	23.515	3.6	149.7946912	314.1688315	315.115366	-0.022182818
1561	843.68	26.16	23.52	3.6	153.7946912	314.2204088	315.169468	
1563	843.5	26.12	23.52	3.55	159.1228549	314.1975895	315.1447252	-0.598110395
1565	843.32	26.185	23.51	3.65	169.0426961	314.2850144	315.2355761	0.572742194
1566	843.21	26.205	23.505	3.8	179.6446912	314.3177398	315.2693613	0.047639497
1568	843.045	26.225	23.505	3.55	184.662265	314.3563334	315.3093007	0.040448465
1569	842.92	26.25	23.5	3.2	187.1946912	314.3959171	315.3502447	0.010582296
1570	842.89	26.2	23.49	3.1	185.2946912	314.3466125	315.2978288	-0.161495149
1571	842.75	26.25	23.5	3	184.6946912	314.414054	315.3686357	0.220864781
1572	842.61	26.31	23.475	3.2	182.4368786	314.4920056	315.44909	0.06380837
1573	842.52	26.37	23.46	3.2	183.6946912	314.564627	315.5245527	
1574	842.43	26.37	23.47	3.4	182.6946912	314.574238	315.5347084	0.007865635
1575	842.34	26.37	23.46	3	183.8946912	314.5838503	315.5440469	0.001966679
1577	842.205	26.31	23.465	2.8	180.2946912	314.5352508	315.4925348	-0.079563748
1579	841.97	26.11	23.48666667	3.033333333	174.4562192	314.35027	315.2977848	-0.222641289
1580	841.89	25.99	23.49	3.1	177.6946912	314.2327593	315.1739776	-0.866636348
1591	840.8	26.37	23.49	3.4	168.0946912	314.7485326	315.7122826	2.063644005
1592	840.75	26.29	23.48	3.5	170.9946912	314.669817	315.6287945	-0.257752124
1593	840.635	26.27	23.49	3.55	177.3538465	314.6611099	315.6195618	-0.114052222
1594	840.55	26.2	23.49	3.7	182.9946912	314.5966448	315.551358	-0.093845772
1596	840.3566667	26.23333333	23.50333333	3.466666667	193.4588197	314.6523759	315.6097623	0.067049965
1597	840.275	26.2	23.51	3.1	203.7170698	314.6260877	315.5820266	-0.006404592
1598	840.13	26.16	23.52	3	211.6946912	314.5995738	315.5539298	-0.086856735
1600	839.94	26.25	23.52	3	213.3446912	314.7145288	315.6741445	
1601	839.84	26.33	23.52	3.3	210.8946912	314.8093405	315.7735498	0.034490819
1602	839.79	26.29	23.52	3.6	211.1946912	314.7726528	315.734714	-0.013348105
1603	839.655	26.35	23.53	3.8	213.8946912	314.8502014	315.8162156	0.063469985
1605	839.48	26.37	23.53	3.7	216.3946912	314.8899978	315.8573938	0.260555004
1606	839.38	26.46	23.54	3.8	218.1946912	314.9953481	315.9683467	0.344771396
1607	839.29	26.42	23.54	3.8	216.3946912	314.9629529	315.9338464	
1608	839.2	26.44	23.54	3.9	216.4446912	314.9936414	315.9657934	0.100438475
1609	839.11	26.46	23.53	4	214.9946912	315.0243326	315.9973311	0.100440356
1610	839.02	26.46	23.53	4.1	215.3946912	315.0339967	316.0071331	0.031627075
1611	838.905	26.44	23.53	4.1	216.1446912	315.0253171	315.9975074	
1613	838.74	26.415	23.53	4.15	217.0477033	315.0167505	315.9877918	-0.22431438
1614	838.66	26.41	23.53	4.2	217.2946912	315.0200862	315.9909697	0.043672613
1615	838.53	26.37	23.53	4.2	217.1946912	314.991987	315.9608305	
1617	838.38	26.4	23.53	4.2	217.6946912	315.0396555	316.0104069	
1618	838.29	26.42	23.52	4.2	218.2946912	315.0703633	316.0419603	
1619	838.16	26.375	23.515	4.2	218.6446912	315.0370078	316.0060777	
1620	838.05	26.415	23.52	4.2	219.0446912	315.0909072	316.0625913	
1622	837.84	26.29	23.51	4.2	220.4946912	314.9820043	315.9466126	
1623	837.75	26.35	23.51	4.2	221.4946912	315.054798	316.0228902	
1624	837.685	26.35	23.51	4.2	221.9946912	315.0617894	316.0299808	
1626	837.49	26.33	23.51	4.2	222.7946912	315.0617277	316.0290995	
1627	837.38	26.33	23.51	4.2	223.1946912	315.0735639	316.0411034	
1628	837.31	26.29	23.51	4.3	223.2446912	315.0390133	316.0044278	-0.113135096
1629	837.18	26.33	23.51	4.3	222.8946912	315.0950894	316.0629341	
1630	837.15	26.33	23.5	4.3	222.9946912	315.0983187	316.0657976	
1632	836.95	26.25	23.51	4.3	222.7946912	315.0356739	315.9994084	
1633	836.855	26.27	23.51	4.3	222.5446912	315.0669469	316.0319396	
1634	836.76	26.29	23.5	4.3	221.5946912	315.0982226	316.0640641	
1635	836.64	26.21666667	23.50666667	4.3	221.2946891	315.0339767	315.9961919	
1636	836.53	26.2	23.5	4.2	220.3946912	315.0282841	315.9894677	-0.018645882
1638	836.33	26.25	23.5	4.25	220.1946912	315.1024506	316.0667182	1.943112282
1640	836.17	26.225	23.5	4.3	220.3946912	315.093381	316.0565007	-0.237637104
1642	836	26.25	23.5	4.3	220.8946912	315.138019	316.1027891	
1643	835.8933333	26.20333333	23.49666667	4.3	220.5613584	315.1003982	316.0625973	
1645	835.73	26.2	23.495	4.3	220.4446912	315.1145007	316.0766945	
1646	835.55	26.16	23.49	4.3	220.6946912	315.091805	316.0518467	
1647	835.475	26.14	23.495	4.2	221.0446912	315.0788395	316.0380902	-0.042476626
1649	835.28	26.16	23.48	4.1	221.6946912	315.1209313	316.0809738	0.275776806
1650	835.23	26.16	23.49	4.2	221.5946912	315.1263264	316.0868537	0.017673726
1655	834.73	26.08	23.49	4.2	220.7946912	315.0960582	316.0529115	
1656	834.675	26.08	23.49	4.2	221.5446912	315.1019962	316.0589328	
1657	834.55	26.12	23.48	4.2	223.1946912	315.1576172	316.1165497	
1658	834.5	26.12	23.49	4.2	222.2946912	315.1630176	316.1224344	
1659	834.325	26.12	23.48	4.2	223.9446912	315.1819224	316.1411963	
1660	834.28	26.04	23.48	4.2	224.4946912	315.1025296	316.0574462	
1661	834.2	26.04	23.48	4.3	224.8946912	315.1111718	316.0662093	0.028322208
1662	834.05	26.06	23.475	4.3	226.0446912	315.148444	316.1046097	
1663	833.97	26.08	23.47	4.3	227.1946912	315.1781559	316.1353448	
1665	833.795	26.02	23.47	4.3	228.2946912	315.1338722	316.0880112	
1667	833.61	26	23.48	4.3	229.3946912	315.1328036	316.0865253	
1668	833.5	26.02666667	23.47	4.3	230.7280257	315.17279	316.1277428	
1670	833.3033333	25.98	23.47	4.233333333	231.7600456	315.144897	316.0975732	-0.411433085
1672	833.16	25.99	23.46	4.2	231.6946912	315.1709376	316.1239751	1.536384617
1673	833.01	26	23.47	4.3	231.3946912	315.1977043	316.1519263	0.087731809
1674	832.97	26	23.46	4.3	231.0946912	315.2020331	316.155909	
1676	832.7766667	25.94	23.46	4.2	230.4946912	315.1597358	316.1105989	-0.277326968
1677	832.64	25.99	23.455	4.2	229.3446912	315.2272186	316.1808385	
1679	832.48	25.95	23.46	4.2	228.9946912	315.2023914	316.1542521	
1680	832.355	25.93	23.455	4.2	228.2446912	315.194851	316.1455971	
1682	832.19	25.95	23.455	4.2	227.2946912	315.2338021	316.1858978	
1683	832.07	25.91	23.45	4.2	227.3946912	315.2046443	316.1545178	
1684	831.975	25.89	23.45	4.2	228.0446912	315.1938573	316.1427754	
1685	831.89	25.91	23.44	4.2	228.7946912	315.2241487	316.1738883	
1686	831.77	25.87	23.44	4.2	230.7946912	315.1949909	316.1427155	
1687	831.6933333	25.85666667	23.43666667	4.2	230.4946947	315.1892453	316.1362196	
1689	831.53	25.79	23.43	4.3	230.1946912	315.136672	316.0799758	-0.344875562
1690	831.39	25.87	23.43	4.3	229.9946912	315.2361867	316.1840785	
1692	831.25	25.79	23.43	4.25	230.0946912	315.1670277	316.1107507	-1.81470495
1693	831.16	25.83	23.43	4.2	229.9946912	315.2189602	316.1650059	0.681253235
1694	831.035	25.79	23.43	4.2	230.4946912	315.190346	316.1343913	
1696	830.8366667	25.79	23.42333333	4.066666667	231.1922319	315.2118629	316.1559369	0.079396164
1697	830.72	25.79	23.42	4.1	231.1946912	315.2245225	316.1686371	0.373706956
1699	830.59	25.71	23.42	4	231.8946912	315.1542705	316.0942164	-0.46096923
1700	830.45	25.7	23.42	4.1	231.2946912	315.158919	316.0985297	0.015251336
1701	830.41	25.75	23.42	4.1	230.9946912	315.21599	316.1583849	
1702	830.2866667	25.74666667	23.41666667	4.1	229.8280262	315.2258651	316.1681287	
1704	830.09	25.75	23.41	4.1	228.5946912	315.2507388	316.1932105	
1705	830.015	25.705	23.41	4.2	227.3946912	315.2114223	316.1515535	-0.128992739
1706	829.9	25.66	23.41	4.2	226.6946912	315.1764495	316.1143051	
1707	829.81	25.71	23.41	4.2	226.2946912	315.2389659	316.1796759	
1708	829.705	25.66	23.405	4.15	225.4404743	315.1976326	316.1355787	-0.542519449
1709	829.6	25.62	23.41	4.2	224.4946912	315.1668467	316.102978	-0.404135588
1710	829.51	25.66	23.4	4.2	223.6946912	315.2188226	316.1568592	
1711	829.45	25.62	23.4	4.2	223.0946912	315.1831464	316.1191011	
1712	829.36	25.62	23.4	4.1	222.7946912	315.192928	316.1290168	0.032101524
1713	829.24	25.62	23.39	4.1	222.4946912	315.2059723	316.1418397	
1714	829.11	25.62	23.39	4.1	221.7946912	315.2201064	316.1561674	
1715	829.09	25.66	23.39	4.1	221.6946912	315.2644838	316.2027463	
1716	829	25.645	23.385	4.1	221.7946912	315.2584457	316.1958272	
1717	828.9	25.66	23.38	4.1	222.6946912	315.2851498	316.2232949	
1718	828.755	25.62	23.38	4.1	223.5946912	315.2587178	316.1949076	
1719	828.64	25.58	23.37	4.1	224.6946912	315.2290211	316.1628149	
1722	828.36	25.58	23.37	4	225.7946912	315.2594915	316.1937018	0.300035156
1723	828.3	25.52	23.365	4.05	226.8440739	315.2027013	316.1335582	-0.745749431
1724	828.24	25.58	23.36	4	226.8946912	315.2725543	316.2065434	0.91710162
1725	828.09	25.5	23.36	4	227.1946912	315.2044518	316.1343422	
1726	828	25.54	23.36	4	227.0946912	315.2564687	316.1886514	
1728	827.84	25.46	23.37	4	227.5946912	315.189452	316.1179552	
1729	827.7266667	25.51333333	23.35666667	4.066666667	228.4963302	315.258091	316.1891065	0.507017223
1730	827.65	25.46	23.36	4.1	228.7946912	315.2101443	316.1385313	-1.416928674
1731	827.56	25.42	23.36	4.1	229.1946912	315.1777231	316.104092	
1732	827.45	25.5	23.35	4.2	230.0946912	315.2741588	316.2045998	0.316611414
1733	827.38	25.46	23.35	4.15	229.8983057	315.23956	316.1679491	-0.454431339
1734	827.29	25.46	23.35	4.2	230.2946912	315.2493675	316.1778899	0.128815088
1736	827.0866667	25.40666667	23.34666667	4.133333333	230.3269493	315.2152217	316.1410447	-0.504630868
1737	827.01	25.38	23.35	4.1	230.4946912	315.1954237	316.1200607	-0.585231889
1738	826.84	25.42	23.34	4.1	229.5946912	315.256192	316.1828311	
1739	826.765	25.38	23.34	4.1	229.5446912	315.2221341	316.1467364	
1740	826.66	25.34	23.33	4.2	228.2946912	315.1913467	316.1135651	-0.101133222
1741	826.57	25.34	23.34	4.1	228.7946912	315.2011616	316.1239078	0.032240914
1743	826.43	25.38	23.33	4.2	228.0946912	315.2586735	316.1833738	0.377789724
1744	826.33	25.36	23.33	4.1	227.9946912	315.248463	316.1722385	-0.033538074
1745	826.19	25.3	23.33	4.1	227.6946912	315.2003725	316.1211433	
1746	826.105	25.3	23.33	4.1	227.3946912	315.2096477	316.1305435	
1748	825.95	25.32	23.325	4.1	227.5446912	315.2476887	316.1696845	
1749	825.85	25.26	23.32	4.1	227.4946912	315.1952305	316.113971	
1751	825.7	25.26	23.32	4.1	226.3946912	315.2116057	316.1305663	
1752	825.5966667	25.26	23.31333333	4.1	224.6613573	315.2228884	316.141738	
1754	825.375	25.24	23.31	4.1	223.6446912	315.2259703	316.1439476	
1755	825.32	25.3	23.31	4.1	223.4946912	315.2953643	316.2166252	
1756	825.185	25.26	23.305	4.15	222.7416791	315.2678564	316.1869819	-0.361539821
1757	825.07	25.26	23.3	4.1	222.3946912	315.2804233	316.1995206	0.1651683
1758	825.01	25.22	23.31	4.1	222.4946912	315.2447186	316.1621657	
1759	824.89	25.22	23.3	4.1	223.2946912	315.2578339	316.1750633	
1760	824.815	25.18	23.3	4.1	223.0946912	315.2237668	316.1389782	
1762	824.61	25.14	23.3	4	223.0946912	315.2039094	316.1172965	-0.130546282
1763	824.56	25.2	23.305	4.05	223.1440739	315.272779	316.1896243	0.905341144
1764	824.43	25.18	23.3	4	223.0946912	315.265861	316.181636	-0.090949051
1765	824.36	25.12	23.3	4.05	223.846543	315.2101096	316.1228011	-0.733088368
1766	824.21	25.1	23.3	4	225.5946912	315.205378	316.1172285	-0.062221192
1767	824.2	25.18	23.29	4	224.5946912	315.2910201	316.206739	
1768	824.02	25.1	23.29	4.1	226.6946912	315.2261625	316.1378989	-0.21322126
1769	823.98	25.08	23.29	4.15	227.3464984	315.2094003	316.1201362	-0.220440043
1770	823.84	25.06	23.29	4.2	227.6946912	315.2035794	316.1134614	-0.076556292
1772	823.7	25.06	23.3	4.2	227.2946912	315.2189005	316.1293771	
1773	823.62	25.04	23.29	4.15	227.4416791	315.2065156	316.1156608	-0.162895922
1774	823.505	25.06	23.29	4.1	228.0946912	315.2402466	316.1506167	0.443626687
1775	823.4	25.06	23.29	4.1	228.4946912	315.2517427	316.1622659	
1776	823.34	25.02	23.29	4.1	228.1946912	315.2160262	316.1245226	
1777	823.2	25.02	23.29	4.1	228.6946912	315.2313572	316.1400573	
1778	823.11	25.02	23.28	4.1	228.8446912	315.2412147	316.1496556	
1780	822.93	25.02	23.28	4.1	228.8946912	315.2609336	316.1696366	
1781	822.86	24.98	23.28	4.1	228.3946912	315.2263098	316.1330042	
1782	822.755	25.02	23.275	4.1	228.9946912	315.2801101	316.1888727	
1784	822.57	24.98	23.265	4.1	229.0946912	315.2580902	316.1646216	
1785	822.44	24.94	23.27	4.1	229.4946912	315.2300413	316.1348498	
1786	822.35	24.94	23.26	4.1	229.4946912	315.2399078	316.144458	
1788	822.1966667	24.94	23.26333333	4.066666667	228.866005	315.2567204	316.1616227	0.995429528
1789	822.04	24.9	23.26	4	227.6946912	315.2315971	316.1344945	-0.185960262
1791	821.94	24.94	23.26	4.1	227.2946912	315.2848727	316.1900179	0.350478407
1792	821.805	24.9	23.26	4.2	227.3446912	315.2573747	316.1606125	-0.090461185
1793	821.67	24.86	23.26	4.1	226.9946912	315.2298768	316.1312109	-0.09047289
1795	821.57	24.86	23.25	4.2	226.5946912	315.2408499	316.1419411	0.072207047
1796	821.435	24.88	23.255	4.2	226.4946912	315.2768238	316.1793534	
1797	821.325	24.86	23.25	4.2	227.2446912	315.267741	316.1691866	
1799	821.12	24.82	23.25	4.2	227.0946912	315.2479308	316.1475772	
1800	821.08	24.8	23.255	4.2	227.5946912	315.231163	316.1300141	
1801	820.94	24.78	23.26	4.2	228.0946912	315.2253759	316.1235765	
1802	820.855	24.78	23.25	4.2	227.9446912	315.2347112	316.1326481	
1803	820.81	24.82	23.25	4.1	227.8946912	315.2819778	316.1820722	0.155536602
1805	820.58	24.76666667	23.25	4.1	227.6280245	315.2508123	316.1484492	
1806	820.49	24.74	23.24	4.1	227.5946912	315.232483	316.1284719	
1807	820.36	24.74	23.25	4.1	228.2946912	315.246769	316.1433307	
1808	820.26	24.7	23.25	4.1	229.0946912	315.2154282	316.1100484	
1809	820.17	24.7	23.24	4.1	229.1446912	315.2253204	316.1196852	
1810	820.09	24.7	23.24	4.1	229.4946912	315.2341147	316.1285945	
1812	819.92	24.72	23.24	4.15	230.650113	315.2739746	316.1697413	1.049663667
1813	819.86	24.7	23.24	4.1	230.9946912	315.2594044	316.154215	-0.191857555
1814	819.75	24.7	23.24	4.1	230.9446912	315.2715025	316.1664714	
1816	819.585	24.66	23.24	4.1	230.7946912	315.247312	316.140436	
1817	819.5	24.66	23.23	4.1	230.2946912	315.2566633	316.149525	
1818	819.41	24.66	23.24	4.1	230.5946912	315.266566	316.1599414	
1819	819.26	24.66	23.23	4	229.9446912	315.2830737	316.1762802	0.05434957
1820	819.17	24.62	23.23	4	229.3946912	315.2506319	316.1418892	
1821	819.04	24.62	23.23	4	228.6946912	315.2649418	316.1563855	
1823	818.915	24.58	23.23	4	228.1446912	315.2363521	316.1259002	
1824	818.8	24.58	23.23	3.9	228.1946912	315.2490141	316.1387268	0.041699326
1825	818.68	24.58	23.23	4	228.4946912	315.2622289	316.1521136	0.043520033
1827	818.54	24.58	23.23	4	228.2946912	315.2776494	316.1677347	
1828	818.43	24.56	23.23	4	228.8446912	315.2685886	316.1577948	
1830	818.26	24.54	23.23	4.1	230.0946912	315.266139	316.1545529	-0.016136147
1831	818.13	24.54	23.23	4.1	230.8946912	315.2804655	316.1690655	
1832	818.08	24.5	23.22	4.1	231.1946912	315.2436121	316.129833	
1833	817.96	24.5	23.23	4.1	231.1946912	315.2568385	316.1436124	
1834	817.87	24.5	23.22	4.1	231.7946912	315.2667598	316.1532806	
1835	817.77	24.5	23.225	4.15	232.4971008	315.2777852	316.1646398	0.14527751
1836	817.68	24.46	23.22	4.2	231.8946912	315.2453393	316.1300665	-0.42758534
1837	817.61	24.46	23.22	4.2	231.9946912	315.2530582	316.1378852	
1839	817.41	24.44	23.22	4.1	231.5946912	315.2539296	316.1380106	0.005742271
1840	817.27	24.42	23.22	4	231.6946912	315.2481855	316.1314356	-0.01892697
1841	817.23	24.42	23.22	4	231.5946912	315.2525985	316.1359055	
1842	817.12	24.41	23.22	4.05	231.4453085	315.2541407	316.1370895	0.02032749
1844	816.93	24.42	23.22	4.1	232.1946912	315.2857043	316.1694389	0.83202875
1845	816.835	24.39	23.22	4	231.9946912	315.264404	316.1467292	-0.070192753
1847	816.68	24.39	23.22	4	232.0946912	315.2815156	316.1640615	
1848	816.55	24.39	23.22	4	232.2946912	315.2958705	316.1786016	
1850	816.37	24.39	23.22	4	232.6946912	315.3157514	316.1987389	
1851	816.26	24.39	23.215	4	233.3946912	315.3279039	316.2108581	
1852	816.19	24.35	23.21	4	233.6946912	315.2932455	316.1740522	
1853	816.07	24.33	23.21	4	234.1946912	315.2853073	316.1652575	
1854	815.96	24.35	23.21	4	234.4946912	315.3186608	316.1997947	
1855	815.87	24.39	23.21	4	234.8946912	315.3710056	316.2543258	
1856	815.77	24.35	23.21	4.1	234.8946912	315.3396631	316.2210674	-0.10329926
1858	815.64	24.29	23.21	4.1	235.1446912	315.2904358	316.1689449	
1859	815.55	24.31	23.21	4.1	235.3946912	315.3215874	316.2012501	
1860	815.46	24.31	23.21	4.1	236.0446912	315.3315402	316.2113308	
1861	815.32	24.27	23.21	4.1	236.2946912	315.3046197	316.182558	
1862	815.24	24.27	23.21	4.1	236.4946912	315.3134685	316.1915204	
1863	815.19	24.23	23.21	4.1	236.6946912	315.2765924	316.1526678	
1864	815.075	24.31	23.21	4.15	237.4983057	315.3741314	316.2544696	1.28605586
1865	815.01	24.23	23.21	4.2	238.5946912	315.2965052	316.1728356	-1.023779521
1867	814.8066667	24.23	23.21	4.2	238.6280245	315.3190062	316.1956247	
1868	814.68	24.19	23.21	4.2	238.4946912	315.2906119	316.1653653	
1869	814.605	24.21	23.21	4.2	238.3946912	315.3201217	316.1960031	
1870	814.52	24.23	23.21	4.3	237.5946912	315.350741	316.2277661	0.100956537
1872	814.33	24.19	23.21	4.25	237.8935147	315.3293625	316.2046112	-0.563980762
1873	814.18	24.19	23.21	4.2	237.9946912	315.3459765	316.2214376	0.219143761
1874	814.14	24.23	23.21	4.2	237.9946912	315.3928304	316.2703948	
1875	814.05	24.15	23.21	4.1	237.8946912	315.3179542	316.1915571	-0.24694419
1876	813.945	24.19	23.21	4	238.1946912	315.3720127	316.2478069	0.178262758
1877	813.845	24.135	23.2	4.05	238.8416047	315.3247576	316.1975091	-0.623427165
1878	813.78	24.12	23.2	4.1	238.7946912	315.3160501	316.1881293	-0.114881119
1880	813.5666667	24.12	23.2	4.033333333	239.2591542	315.3396951	316.2120755	0.350953345
1882	813.41	24.12	23.2	4.2	238.4946912	315.3570643	316.2296661	0.041248854
1884	813.185	24.115	23.2	4.25	237.9441029	315.3767125	316.2493776	0.518464452
1885	813.13	24.04	23.2	4.3	238.1946912	315.3032421	316.17217	-0.969589585
1886	813.0066667	24.06666667	23.2	4.3	239.1280254	315.3452144	316.2156708	
1888	812.86	24.04	23.2	4.3	240.0946912	315.3331917	316.2024998	
1889	812.73	24.04	23.2	4.3	240.5946912	315.3476165	316.2171077	
1890	812.64	24.08	23.2	4.35	241.29699	315.4000498	316.2717023	0.691870523
1891	812.55	24	23.2	4.5	242.0946912	315.3251475	316.1928621	-0.10984667
1892	812.48	24	23.2	4.5	242.4446912	315.3329171	316.2007302	
1893	812.32	24	23.2	4.5	242.4946912	315.3506793	316.2187176	
1895	812.19	23.98	23.2	4.45	241.001433	315.3438884	316.2110956	-0.179274258
1896	812.1	23.96	23.2	4.3	239.1946912	315.3326564	316.1989769	-0.016474365
1897	811.985	23.96	23.2	4.25	237.8476324	315.3454286	316.2119107	0.168599877
1898	811.895	23.92	23.2	4.2	237.7446912	315.3129694	316.1775541	-0.42853738
1899	811.78	23.92	23.2	4.1	237.2946912	315.3257438	316.1904899	0.042163291
1900	811.74	23.92	23.2	4.2	237.6946912	315.3301877	316.1949899	0.014667356
1901	811.61	23.905	23.2	4.1	236.4946912	315.3287094	316.1929359	-0.004879588
1903	811.45	23.89	23.2	4.2	236.1946912	315.3305669	316.19426	0.01226284
1904	811.36	23.89	23.2	4.2	236.0946912	315.3405702	316.2043895	
1905	811.25	23.89	23.2	4.2	235.5446912	315.3527984	316.216772	
1906	811.16	23.85	23.2	4.2	235.4946912	315.3203375	316.1824186	
1908	810.96	23.83	23.2	4.2	236.4446912	315.3213411	316.1826941	
1909	810.87	23.85	23.2	4.2	237.1946912	315.352586	316.2150732	
1910	810.78	23.81	23.2	4.2	237.4946912	315.3201241	316.1807216	
1911	810.695	23.83	23.2	4.25	237.4946912	315.3508161	316.21254	0.40532968
1912	810.615	23.79	23.2	4.25	237.4958677	315.3172412	316.1770629	
1914	810.37	23.77	23.2	4.3	237.5946912	315.3232632	316.1824214	0.159089629
1915	810.31	23.77	23.205	4.25	237.6429265	315.3299408	316.1893679	0.088203535
1916	810.23	23.77	23.21	4.3	237.3946912	315.3388449	316.1985691	0.117615329
1917	810.13	23.77	23.2	4.3	237.2946912	315.3499768	316.2094703	
1918	810.06	23.74	23.21	4.3	237.1946912	315.3259073	316.1843609	
1919	809.97	23.74	23.21	4.3	236.8946912	315.3359277	316.1945068	
1920	809.88	23.74	23.21	4.3	236.8946912	315.3459494	316.2046543	
1921	809.79	23.74	23.21	4.3	236.9946912	315.3559726	316.2148031	
1922	809.6666667	23.72666667	23.21	4.3	237.0613577	315.3555473	316.2138801	
1923	809.56	23.74	23.21	4.3	237.2946912	315.3815939	316.2407458	
1924	809.45	23.7	23.21	4.3	237.5946912	315.3513579	316.2086543	
1926	809.29	23.72	23.21	4.3	237.6446912	315.3904354	316.2489594	
1927	809.19	23.66	23.21	4.25	237.5946912	315.3378367	316.1934901	-0.695034404
1928	809.14	23.66	23.21	4.3	237.4946912	315.3434095	316.1991326	0.073639344
1930	808.9333333	23.62	23.21	4.3	239.0613557	315.323948	316.1779566	
1932	808.775	23.62	23.21	4.4	239.5446912	315.3416018	316.1958305	0.116653208
1933	808.635	23.62	23.21	4.35	237.3498637	315.3572152	316.2116387	0.206342396
1934	808.51	23.62	23.21	4.3	236.7946912	315.3711585	316.225756	0.184270416
1935	808.42	23.58	23.21	4.4	236.7946912	315.338691	316.191414	-0.107284547
1936	808.38	23.58	23.21	4.4	236.5946912	315.3431535	316.195932	
1937	808.27	23.58	23.21	4.4	236.6946912	315.3554269	316.2083582	
1938	808.15	23.55	23.21	4.3	235.6946912	315.3369341	316.1885345	-0.061113204
1939	808.09	23.55	23.21	4.3	234.4946912	315.3436302	316.1953139	
1941	807.895	23.55	23.21	4.3	233.8946912	315.3653969	316.2173512	
1942	807.83	23.51	23.21	4.2	233.9946912	315.3301366	316.1801869	-0.116540506
1943	807.68	23.51	23.21	4.3	235.4946912	315.3468842	316.1971425	0.055353505
1944	807.625	23.51	23.21	4.3	235.2946912	315.3530261	316.2033605	
1945	807.5	23.47	23.22	4.3	236.3946912	315.3244644	316.1733467	
1946	807.46	23.47	23.22	4.3	236.8946912	315.3289318	316.1778695	
1947	807.345	23.455	23.215	4.3	237.3946912	315.3258303	316.1739985	
1949	807.14	23.44	23.22	4.3	238.2946912	315.3327854	316.1806742	
1950	807.09	23.47	23.22	4.3	238.8946912	315.3702687	316.2197188	
1951	806.98	23.44	23.22	4.3	239.0946912	315.3506652	316.1987753	
1952	806.87	23.44	23.22	4.3	239.2946912	315.3629602	316.2112225	
1953	806.78	23.47	23.22	4.3	239.4946912	315.4049212	316.254801	
1954	806.68	23.42	23.22	4.35	239.6958406	315.3629347	316.210466	-0.555253382
1955	806.6	23.4	23.22	4.4	239.9946912	315.350612	316.1972607	-0.162974654
1956	806.49	23.4	23.22	4.4	239.6446912	315.3629127	316.2097135	
1957	806.4	23.36	23.22	4.5	239.3946912	315.3304397	316.175381	-0.107382423
1959	806.2433333	23.36	23.22	4.433333333	238.8601037	315.3479629	316.1931204	0.260757208
1961	806.09	23.32	23.22	4.4	238.3446912	315.3225738	316.1659623	-1.5114316
1962	806	23.32	23.22	4.4	237.7946912	315.3326434	316.1761559	
1963	805.88	23.32	23.22	4.4	237.5946912	315.3460718	316.1897496	
1965	805.66	23.29	23.22	4.5	237.3946912	315.3387845	316.1812819	-0.048206546
1966	805.565	23.29	23.225	4.5	236.9946912	315.3494197	316.1922294	
1968	805.37	23.25	23.23	4.5	237.1946912	315.3287006	316.1699839	
1970	805.235	23.27	23.23	4.5	237.5446912	315.3650974	316.2075543	
1971	805.135	23.25	23.23	4.5	238.0446912	315.3550204	316.196627	
1972	805.02	23.23	23.23	4.5	238.1446912	315.3466239	316.1874016	
1973	804.95	23.21	23.23	4.5	237.6946912	315.3331864	316.1730741	
1974	804.81	23.25	23.23	4.5	237.3946912	315.3914365	316.2334905	
1975	804.775	23.215	23.23	4.5	237.0946912	315.3581163	316.1984908	
1976	804.63	23.18	23.23	4.5	237.2946912	315.3371236	316.1759728	
1977	804.58	23.18	23.23	4.6	237.3946912	315.3427281	316.1816458	0.018544105
1978	804.455	23.18	23.23	4.65	237.0409277	315.3567411	316.1958304	0.185467017
1980	804.27	23.16	23.235	4.65	236.1430783	315.3562	316.1947391	
1981	804.18	23.14	23.24	4.6	236.8946912	315.3450072	316.1828661	-0.148159965
1982	804.09	23.14	23.24	4.6	236.5946912	315.3551015	316.1930837	
1983	804.03	23.1	23.24	4.6	235.6946912	315.319257	316.1553557	
1984	803.9	23.1	23.24	4.6	234.8446912	315.3338395	316.1701162	
1986	803.76	23.1	23.24	4.7	235.1946912	315.3495472	316.1860156	0.10397569
1987	803.65	23.07	23.24	4.65	236.142003	315.3299561	316.1651026	-0.259390289
1988	803.55	23.07	23.24	4.6	236.8946912	315.3411787	316.1764621	0.148590381
1989	803.49	23.03	23.24	4.6	237.1946912	315.3053303	316.1387355	
1990	803.35	23.07	23.245	4.6	236.7946912	315.3636296	316.1993664	
1991	803.28	23.03	23.25	4.6	237.0946912	315.328903	316.1629537	
1992	803.1633333	23.03	23.25	4.6	237.9946912	315.3420024	316.1762125	
1994	802.975	22.99	23.25	4.75	238.8946912	315.3205629	316.153072	-0.063097695
1996	802.85	22.99	23.25	4.8	238.9946912	315.334603	316.1672827	0.371887143
1997	802.72	22.96	23.25	4.8	239.5946912	315.3172617	316.1486521	
1998	802.61	22.96	23.25	4.7	240.5946912	315.3296206	316.161161	0.040923865
1999	802.53	22.96	23.25	4.7	241.1446912	315.3386103	316.1702597	
2000	802.45	22.99	23.26	4.6	241.2946912	315.3795502	316.2131345	0.135549614
2001	802.31	22.96	23.26	4.6	240.9946912	315.3633378	316.1956452	
2002	802.27	22.94	23.26	4.6	240.6946912	315.346534	316.1779182	
2003	802.13	22.92	23.26	4.65	240.5957665	315.3409724	316.1715707	-0.073673788
2004	802.03	22.92	23.26	4.7	240.9946912	315.3522168	316.1829514	0.148953637
2005	801.95	22.88	23.26	4.7	240.4946912	315.3186073	316.1474998	
2006	801.86	22.88	23.26	4.8	239.6946912	315.3287288	316.1577437	0.033523972
2007	801.8	22.88	23.26	4.7	239.4946912	315.3354772	316.1645737	0.022352003
2008	801.68	22.88	23.26	4.7	239.4946912	315.348976	316.1782359	
2009	801.58	22.88	23.26	4.8	239.5946912	315.360227	316.189623	0.037265292
2010	801.53	22.85	23.27	4.8	239.2946912	315.3338937	316.162252	
2011	801.44	22.85	23.27	4.8	239.3446912	315.3440209	316.1725017	
2012	801.3	22.85	23.27	4.8	239.6946912	315.3597773	316.1884485	
2013	801.26	22.85	23.27	4.8	239.7946912	315.3642798	316.1930054	
2014	801.125	22.83	23.27	4.8	240.1946912	315.3581684	316.1861036	
2015	801.03	22.78	23.28	4.8	239.9946912	315.3155891	316.1415769	
2016	800.94	22.78	23.28	4.8	239.6946912	315.325722	316.151832	
2017	800.85	22.78	23.28	4.8	239.3946912	315.3358565	316.1620886	
2019	800.7	22.78	23.28	4.8	239.1946912	315.3527504	316.1791862	
2020	800.605	22.76	23.28	4.7	239.0946912	315.3421386	316.1677315	-0.035162698
2021	800.54	22.72	23.28	4.8	239.7446912	315.3068335	316.130574	-0.116999582
2022	800.4	22.74	23.28	4.8	239.3946912	315.3439207	316.1688208	
2023	800.31	22.7	23.28	4.9	238.8946912	315.3114313	316.1345141	-0.107676029
2024	800.2	22.7	23.28	4.9	238.4946912	315.3238272	316.1470589	
2025	800.13	22.7	23.28	4.8	238.0946912	315.3317167	316.1550431	0.026147131
2026	800.02	22.72	23.29	4.75	237.6967965	315.365434	316.1902331	0.446952362
2027	799.955	22.67	23.29	4.75	237.3925859	315.3194668	316.1419306	
2029	799.775	22.65	23.295	4.7	236.7946912	315.3184417	316.1403576	-0.027181218
2031	799.595	22.63	23.295	4.65	236.5463041	315.3174202	316.1386122	-0.027089944
2032	799.48	22.63	23.3	4.7	236.5946912	315.3303914	316.1519151	0.171996671
2033	799.41	22.6	23.3	4.6	236.8946912	315.3063044	316.126473	-0.079855897
2034	799.3	22.67	23.3	4.6	237.1946912	315.3933457	316.2170498	
2035	799.24	22.6	23.3	4.6	238.1446912	315.3254839	316.145882	
2036	799.16	22.6	23.3	4.5	238.7946912	315.3345114	316.1550175	0.029928839
2037	799.02	22.58	23.305	4.55	239.6441417	315.3289867	316.148892	-0.073268922
2038	798.97	22.56	23.31	4.7	239.5946912	315.3133046	316.132488	-0.023110289
2039	798.85	22.56	23.31	4.6	239.5946912	315.3268503	316.1461955	0.044914214
2040	798.78	22.54	23.31	4.6	239.3946912	315.313426	316.1319011	
2041	798.63	22.52	23.31	4.6	239.0946912	315.309034	316.1267475	
2043	798.52	22.56	23.31	4.7	238.2946912	315.3641144	316.1839051	0.365266922
2044	798.4	22.52	23.31	4.6	237.8946912	315.3350095	316.1530329	-0.096517819
2045	798.3	22.54	23.32	4.6	237.2946912	315.3676371	316.187111	
2046	798.22	22.49	23.315	4.6	237.2946912	315.3233477	316.1403442	
2047	798.13	22.49	23.32	4.5	237.1946912	315.3335165	316.1508094	0.033725281
2048	798.02	22.45	23.32	4.5	236.8946912	315.3032809	316.1187979	
2049	797.935	22.435	23.325	4.5	236.5446912	315.2968863	316.1119717	
2050	797.85	22.45	23.32	4.4	236.6946912	315.3224936	316.1382392	0.084939398
2051	797.75	22.42	23.33	4.4	236.5946912	315.301795	316.1165832	
2052	797.66	22.45	23.33	4.4	236.7946912	315.3439729	316.1603239	
2053	797.57	22.42	23.33	4.4	236.7946912	315.3221448	316.1371749	
2054	797.43	22.38	23.33	4.3	238.4946912	315.2953013	316.1086	-0.089060689
2055	797.39	22.42	23.33	4.4	237.5946912	315.3425006	316.1577726	0.156575344
2056	797.31	22.38	23.335	4.25	239.4911617	315.3088724	316.1225064	-0.049586983
2058	797.095	22.365	23.335	4.2	240.0946912	315.3171886	316.1303918	0.220740979
2059	797.015	22.365	23.34	4.25	240.3464559	315.3262401	316.139725	0.120129747
2060	796.93	22.38	23.34	4.3	240.6946912	315.3518648	316.1661835	0.340067996
2061	796.835	22.33	23.345	4.3	241.8446912	315.3092615	316.1214847	
2062	796.69	22.35	23.35	4.3	241.9946912	315.3470165	316.1605669	
2063	796.6	22.31	23.35	4.3	242.6946912	315.3145178	316.1262723	
2064	796.55	22.35	23.35	4.3	242.7946912	315.362867	316.1766054	
2065	796.48	22.35	23.35	4.3	243.0946912	315.3707936	316.1846261	
2066	796.35	22.31	23.355	4.3	243.5946912	315.3428251	316.1550886	
2067	796.3	22.31	23.36	4.3	243.4946912	315.3484878	316.1609923	
2068	796.19	22.24	23.36	4.2	242.9946912	315.2862327	316.0955368	-0.206646316
2069	796.06	22.27	23.36	4.3	243.0946912	315.3329795	316.143891	0.155153004
2070	796.015	22.27	23.365	4.3	243.0446912	315.3380777	316.1492231	
2071	795.88	22.27	23.37	4.3	243.2946912	315.3533746	316.1648745	
2073	795.74	22.27	23.375	4.3	242.7946912	315.3692415	316.1811029	
2074	795.65	22.24	23.38	4.3	243.2946912	315.3474167	316.1581366	
2075	795.535	22.275	23.38	4.2	243.8446912	315.3978201	316.2103699	0.167286775
2076	795.45	22.2	23.38	4.1	242.8946912	315.3273854	316.1364618	-0.23382912
2077	795.33	22.2	23.38	4.1	242.6946912	315.3409916	316.1502286	
2078	795.24	22.2	23.38	4.1	242.7946912	315.351198	316.1605554	
2079	795.2	22.185	23.38	4.1	242.7446912	315.3397187	316.1484135	
2080	795.05	22.17	23.38	4.2	243.8946912	315.340716	316.1488958	0.003311268
2081	794.95	22.17	23.38	4.3	244.1946912	315.3520605	316.160374	0.037665382
2082	794.86	22.17	23.38	4.3	244.8946912	315.3622722	316.170706	
2083	794.83	22.17	23.385	4.25	244.5405735	315.3656764	316.1743233	0.045209916
2084	794.74	22.17	23.39	4.2	244.1946912	315.37589	316.1848302	0.135642428
2086	794.52	22.13	23.38666667	4.333333333	244.2631528	315.3581431	316.1653547	-0.066296241
2087	794.42	22.1	23.4	4.3	244.5946912	315.3374547	316.1438309	-0.618340942
2089	794.28	22.1	23.4	4.3	245.1946912	315.35335	316.1599131	
2090	794.14	22.1	23.4	4.2	246.7946912	315.3692489	316.1759989	0.052798992
2091	794.07	22.06	23.41	4.05	248.192222	315.334473	316.1397573	-0.051335046
2092	793.99	22.06	23.42	4	249.4946912	315.3435594	316.1492944	0.120718096
2093	793.87	22.06	23.41	4	249.7946912	315.3571914	316.1627424	
2094	793.78	22.06	23.41	4	249.6946912	315.3674171	316.1730882	
2095	793.705	22.045	23.41	4	249.3446912	315.3599151	316.1649729	
2097	793.5	22.03	23.41	4.2	248.6946912	315.3671883	316.1718065	0.012079665
2098	793.46	22.03	23.41	4.15	248.385052	315.3717351	316.1764067	0.060413098
2099	793.37	22.03	23.42	4	246.2946912	315.3819666	316.1871019	0.015104866
2100	793.28	22.03	23.41	4.1	246.3946912	315.3921996	316.1971112	0.033990907
2101	793.15	21.99	23.425	4.15	245.1946912	315.3642422	316.1679421	-0.371514965
2102	793.04	22.03	23.42	4.2	245.3946912	315.4194948	316.2250706	0.734131318
2103	792.99	21.99	23.43	4.4	245.1946912	315.3824392	316.1865238	-0.030776138
2104	792.89	21.99	23.43	4.55	244.5452406	315.3938148	316.1980327	0.016796236
2105	792.81	21.96	23.44	4.5	243.1946912	315.3708568	316.1740999	-0.305111414
2106	792.68	21.96	23.435	4.5	243.5035802	315.3856481	316.1888931	
2107	792.58	21.92	23.44	4.3	243.3946912	315.3542784	316.1559311	-0.026059942
2108	792.49	21.92	23.45	4.3	244.2946912	315.3645207	316.1666351	
2109	792.45	21.96	23.46	4.2	244.3946912	315.4118251	316.2162337	0.157168521
2110	792.31	21.92	23.46333333	4.2	244.5280245	315.3850097	316.1878199	
2113	792.0666667	21.91	23.46333333	4.166666667	242.6354942	315.402028	316.204688	1.526924786
2115	791.9	21.905	23.465	4.1	240.1946912	315.4156664	316.2183682	0.203948602
2116	791.79	21.89	23.47	4.1	238.1946912	315.4121624	316.2144704	
2117	791.67	21.89	23.48	4.1	234.3946912	315.4258352	316.2286449	
2118	791.59	21.89	23.47	4.1	236.2946912	315.4349519	316.2375263	
2119	791.515	21.87	23.475	4.1	232.2446912	315.4221169	316.2240138	
2121	791.31	21.855	23.475	4.1	230.2946912	315.4294464	316.2309055	
2122	791.27	21.85	23.49	4.1	230.8946912	315.4286605	316.2304479	
2124	791.0525	21.8275	23.4875	4.075	229.8425507	315.4294021	316.2303279	0.078882439
2126	790.84	21.805	23.49	4.1	230.7946912	315.4295782	316.2298068	0.018729134
2128	790.6933333	21.79	23.50333333	4.1	229.794692	315.4302687	316.2304368	
2129	790.57	21.79	23.51	4.1	229.4946912	315.4443416	316.2449008	
2130	790.54	21.79	23.5	4.1	229.3946912	315.4477652	316.2480238	
2131	790.43	21.79	23.5	4.1	230.1946912	315.4603198	316.2607247	
2132	790.32	21.79	23.51	4.1	230.6946912	315.4728766	316.2737686	
2133	790.27	21.75	23.505	4.1	231.0946912	315.4357995	316.2346956	
2134	790.125	21.75	23.51	4.1	232.5446912	315.4523542	316.251613	
2136	789.95	21.72	23.515	4.15	233.1464984	315.4402463	316.2384901	-0.322087361
2138	789.7833333	21.69333333	23.52	4.2	233.2280239	315.4307542	316.2281302	-0.252528032
2139	789.67	21.68	23.52	4.2	234.2946912	315.4294361	316.2263336	
2140	789.62	21.68	23.53	4.2	233.7946912	315.4351484	316.232451	
2141	789.48	21.68	23.52	4.3	233.8946912	315.4511453	316.2482948	0.053200041
2142	789.41	21.68	23.535	4.35	233.99699	315.4591452	316.2568961	0.106419395
2143	789.34	21.68	23.53	4.4	234.6571916	315.4671459	316.2648202	0.106429426
2145	789.13	21.65	23.535	4.5	233.9946912	315.4590512	316.2557585	-0.053845526
2146	789.06	21.61	23.54	4.5	232.6946912	315.4242505	316.2193354	
2147	788.935	21.63	23.545	4.4	231.0446912	315.459946	316.2563075	0.118730656
2148	788.885	21.595	23.55	4.4	229.6946912	315.4282081	316.2231565	
2149	788.79	21.61	23.55	4.4	227.5946912	315.4551258	316.2509062	
2150	788.71	21.58	23.55	4.3	227.3946912	315.4321694	316.2266437	-0.076370833
2151	788.58	21.55	23.55	4.3	227.1946912	315.4149317	316.208168	
2152	788.51	21.56	23.555	4.25	227.1958677	315.4336428	316.22761	0.249007429
2153	788.385	21.56	23.565	4.2	226.1446912	315.4479457	316.2424155	0.190342924
2154	788.35	21.54	23.56	4.3	225.9946912	315.4305434	316.2239508	-0.057901339
2155	788.24	21.51	23.56	4.2	224.5946912	315.4110195	316.2031638	-0.064967301
2156	788.13	21.51	23.57	4.2	224.2946912	315.4236092	316.2162351	
2157	788.065	21.51	23.565	4.15	224.3416791	315.4310497	316.2235933	0.099034559
2158	787.96	21.51	23.575	4.2	224.2446912	315.4430705	316.2360893	0.160000862
2160	787.7766667	21.5	23.58333333	4.166666667	224.6922912	315.4533581	316.24643	0.616206807
2161	787.7	21.48	23.59	4.1	225.0946912	315.4407263	316.2331844	-0.094584503
2163	787.4833333	21.45333333	23.59333333	4.1	225.5613575	315.4369933	316.2285985	
2164	787.42	21.44	23.6	4	225.5946912	315.4299726	316.2212598	-0.023367573
2165	787.29	21.44	23.59	4	226.1946912	315.444868	316.2359915	
2166	787.22	21.425	23.6	4	226.3946912	315.4368275	316.2276757	
2167	787.11	21.44	23.6	4	226.1946912	315.4654976	316.2571943	
2168	787.06	21.44	23.61	4.1	225.7946912	315.4712291	316.2633275	0.019076564
2169	786.93	21.41	23.61	4	224.7946912	315.4540053	316.2448685	-0.057332896
2170	786.86	21.39666667	23.60666667	4.033333333	224.5021231	315.4477516	316.237971	-0.187356378
2172	786.7	21.37	23.61	4	223.5946912	315.4375383	316.226832	-0.612028713
2173	786.58	21.355	23.62	4	223.0946912	315.4352346	316.224319	
2174	786.47	21.41	23.63	4	223.1946912	315.5067631	316.2989046	
2175	786.42	21.355	23.62	4.05	223.2971603	315.4535878	316.2428832	-0.708149707
2176	786.33	21.37	23.62	4.1	223.5946912	315.4799811	316.2700973	0.351468052
2178	786.17	21.33	23.63	4	224.0946913	315.4554934	316.244283	-0.163068128
2179	786.03	21.31	23.63	4	224.0946912	315.450136	316.2381752	
2181	785.88	21.31	23.64	4.1	223.9946912	315.4673547	316.2559251	0.114670777
2182	785.78	21.29	23.64	4.1	224.1446912	315.4574087	316.2451762	
2183	785.67	21.27	23.64	4.1	224.6446912	315.4486112	316.2355897	
2185	785.485	21.27	23.645	4.1	224.5446912	315.4698579	316.2572464	
2186	785.42	21.24	23.65	4.1	224.1946912	315.4451788	316.2314193	
2187	785.33	21.27	23.655	4.05	223.1490122	315.4876641	316.2755899	0.565951615
2188	785.21	21.24	23.65	4	222.2946912	315.4693046	316.2558214	-0.244593879
2189	785.12	21.24	23.655	4	221.9446912	315.4796469	316.2664484	
2190	785.04	21.21	23.66	4	222.1946912	315.456691	316.2423648	
2191	784.94	21.2	23.66	4	222.3946912	315.4574674	316.2428066	
2192	784.835	21.17	23.66	4.05	223.4477776	315.4373846	316.221465	-0.267615486
2193	784.77	21.17	23.66	4.1	223.9946912	315.4448566	316.2290223	0.099568974
2194	784.68	21.21	23.66	4.2	224.0946912	315.4980762	316.2842235	0.177272115
2195	784.595	21.17	23.67	4.25	224.8970441	315.4649775	316.2497045	-0.441060951
2196	784.53	21.14	23.67	4.3	224.7946912	315.4402964	316.2237129	-0.328925152
2197	784.44	21.14	23.67	4.3	224.1946912	315.4506466	316.2341812	
2198	784.305	21.155	23.675	4.3	223.8446912	315.4822543	316.2668297	
2199	784.27	21.14	23.68	4.3	223.5946912	315.4702011	316.2542899	
2200	784.18	21.14	23.68	4.3	223.3946912	315.4805557	316.2647627	
2201	784.035	21.125	23.69	4.25	223.5429265	315.4811604	316.265191	0.008059537
2202	783.91	21.105	23.7	4.2	223.8946912	315.4741048	316.2576998	-0.09404171
2204	783.76	21.09	23.705	4.1	224.2446912	315.475289	316.2585486	0.007892217
2205	783.68	21.07	23.71	4.1	224.3946912	315.463055	316.2456552	
2206	783.59	21.07	23.71	4.2	223.2946912	315.4734172	316.2561354	0.034532325
2207	783.515	21.055	23.705	4.2	223.6446912	315.4659694	316.2479243	
2208	783.43	21.04	23.72	4.3	223.8446912	315.4596736	316.2415382	-0.020983097
2209	783.31	21	23.73	4.3	223.6946912	315.4306006	316.2110959	
2210	783.26	21	23.72	4.3	223.5946912	315.4363593	316.2165911	
2211	783.13	21	23.73	4.3	224.0946912	315.4513341	316.2320651	
2212	783.055	21.04	23.73	4.25	223.9429265	315.5028728	316.285559	0.687089624
2213	782.99	21	23.73	4.2	224.5946912	315.4674644	316.2483787	-0.472112316
2214	782.87	20.97	23.73666667	4.233333333	225.6332733	315.4491178	316.2290179	-0.550452461
2216	782.66	20.97	23.74	4.3	226.7946912	315.4733225	316.253607	0.363106456
2217	782.6	20.955	23.745	4.35	226.8441165	315.4641502	316.2439824	-0.122315733
2218	782.515	20.955	23.75	4.4	225.9946912	315.4739505	316.2540582	0.130690277
2219	782.39	20.94	23.75	4.3	226.1946912	315.4722739	316.2518503	-0.005589717
2220	782.31	20.91	23.75	4.4	225.8946912	315.4493179	316.2276105	-0.076543229
2221	782.245	20.94	23.76	4.3	225.6446912	315.4889973	316.2690918	0.132291543
2222	782.13	20.9	23.76	4.2	225.5946912	315.4593511	316.237744	-0.098854278
2223	782.03	20.87	23.76	4.2	225.2946912	315.438702	316.2158388	
2224	781.93	20.885	23.765	4.2	225.6946912	315.4663323	316.2444566	
2225	781.86	20.84	23.78	4.2	225.3946912	315.4261286	316.2027556	
2226	781.7866667	20.87	23.77333333	4.2	225.3946912	315.4667787	316.2446695	
2228	781.61	20.855	23.79	4.2	225.2446912	315.471075	316.2490484	
2230	781.4	20.84	23.78	4.2	225.5946912	315.479224	316.2564515	
2231	781.315	20.825	23.79	4.25	226.6405735	315.4729425	316.2499148	-0.083803285
2232	781.24	20.79333333	23.79666667	4.2	227.2946912	315.4476207	316.2234467	-0.337860755
2233	781.11	20.8	23.8	4.2	226.9946912	315.4697895	316.2462014	
2235	780.9466667	20.78	23.80666667	4.233333333	228.200201	315.4671928	316.2431122	-0.155919267
2236	780.84	20.77	23.81	4.3	229.6946912	315.4687841	316.24449	0.011944226
2237	780.81	20.77	23.81	4.3	230.0946912	315.4722506	316.2479956	
2239	780.585	20.755	23.815	4.3	229.8446912	315.4821536	316.2576631	
2240	780.5233333	20.74	23.82333333	4.266666667	229.5970334	315.4731806	316.2483502	-0.269427253
2241	780.38	20.725	23.835	4.3	229.7946912	315.4736487	316.2486932	0.014057104
2243	780.225	20.71	23.83	4.3	229.7946912	315.4754684	316.2498611	
2245	780.055	20.71	23.84	4.3	229.1946912	315.4951301	316.2700695	
2246	779.97	20.67	23.83	4.3	228.4946912	315.4620167	316.2349004	
2247	779.88	20.67	23.83	4.3	227.5946912	315.4724281	316.245429	
2248	779.79	20.67	23.84	4.3	226.7446912	315.4828411	316.2562835	
2249	779.68	20.71	23.84	4.2	226.2946912	315.538521	316.3139499	0.185782801
2250	779.61	20.625	23.845	4.2	226.1946912	315.4553507	316.2271204	
2251	779.52	20.625	23.855	4.2	226.6446912	315.4657667	316.2379772	
2252	779.47	20.64	23.85	4.2	227.2946912	315.4876618	316.260465	
2253	779.355	20.61	23.855	4.2	228.0946912	315.4687583	316.2404941	
2254	779.24	20.61	23.87	4.2	228.7946912	315.4820728	316.2544435	
2255	779.13	20.595	23.86	4.2	229.5946912	315.4787011	316.2502023	
2256	779.06	20.57	23.87	4.2	230.5446912	315.4599574	316.230725	
2257	778.97	20.58	23.87	4.2	231.4946912	315.4811214	316.252465	
2258	778.87	20.555	23.87	4.2	232.2946912	315.4658531	316.2361794	
2259	778.77	20.57	23.87	4.2	232.9946912	315.4935498	316.2646943	
2260	778.69	20.555	23.87	4.2	233.4446912	315.4867071	316.2572671	
2261	778.6	20.51	23.88	4.2	233.9946912	315.4487975	316.2177343	
2262	778.51	20.54	23.88	4.3	234.1946912	315.4914538	316.2618824	0.142410224
2263	778.445	20.51	23.89	4.3	234.6446912	315.4667601	316.23622	
2264	778.33	20.51	23.89	4.3	235.1946912	315.4800901	316.2496992	
2265	778.25	20.51	23.89333333	4.433333333	235.3939393	315.4893647	316.259185	0.017418821
2266	778.14	20.48	23.9	4.5	235.2946912	315.4698878	316.238691	-0.146335139
2267	778.05	20.48	23.905	4.5	234.2946912	315.4803239	316.2494048	
2268	777.99	20.51	23.91	4.4	232.8946912	315.5195154	316.2902108	0.130856046
2269	777.8833333	20.45333333	23.91	4.3	229.9233957	315.4710014	316.2392381	-0.162014385
2270	777.82	20.44	23.92	4.1	226.0946912	315.464021	316.2320509	-0.005828069
2271	777.73	20.41	23.92	4	223.8946912	315.442225	316.2089999	-0.072799146
2272	777.62	20.41	23.92	4	222.4946912	315.4549862	316.2219034	
2273	777.5066667	20.41	23.92666667	4.066666667	223.5077432	315.4681364	316.2354142	0.098825286
2275	777.32	20.41	23.92	4.2	228.0946912	315.489801	316.2571069	0.081405449
2276	777.26	20.41	23.92333333	4.466666667	233.5163597	315.4967662	316.2642567	0.003271474
2277	777.19	20.395	23.94	4.8	237.9519829	315.4887715	316.2562012	-0.00240336
2279	776.9633333	20.39	23.93333333	4.866666667	235.4784273	315.5097178	316.276999	0.314846925
2281	776.825	20.395	23.94	4.75	232.764199	315.5311598	316.299063	0.105238767
2282	776.705	20.365	23.94	4.45	226.4621112	315.5128531	316.27954	-0.006794946
2283	776.625	20.365	23.955	4.2	221.3446912	315.5221479	316.289419	0.004967979
2284	776.57	20.35	23.95	4.1	219.5946912	315.5124139	316.2789106	-0.032518472
2285	776.47	20.365	23.95	4.175	218.543793	315.5401605	316.3074724	0.16477954
