ALT	PRESS	TEMP	RH	SPEED	DIR	POTT	VIRPOT	Ri
1312	867.79	31.92	18.08	4.2	259.7469036	317.6968545	318.6726072	
1314	867.6133333	32.01333333	18.21	4.466666667	255.5548843	317.8125571	318.8007619	0.104558332
1315	867.535	31.87	18.05	3.2	262.6853108	317.671485	318.6432643	-0.002826464
1316	867.4	31.94	18.05	3.2	264.7946912	317.7585313	318.7343441	
1318	867.19	31.84	18.07	3.8	260.5946912	317.6763771	318.6481076	-0.014673265
1320	867.02	32.2	18.69	4.2	249.9946912	318.0691859	319.0950629	0.157669955
1321	866.93	32.14	18.45	4.9	247.9946912	318.0161282	319.025565	-0.003477726
1322	866.82	32.115	18.515	4.75	245.6410069	318.0016267	319.0133694	-0.020701782
1323	866.74	32.15	18.61	5	246.4946912	318.046482	319.0655421	0.023049573
1324	866.645	32.195	18.64	4.55	246.4957801	318.1033326	319.1267673	0.00901518
1327	866.385	32.17	18.67	4.95	247.1310014	318.1045854	319.1286384	0.000754413
1328	866.28	32.09	18.715	5.45	247.5268005	318.0322597	319.0543438	-0.009293234
1329	866.18	32.15	18.71	4.6	244.9946912	318.1052765	319.1306944	0.003245738
1330	866.075	32.14	18.69	5.15	248.2860692	318.1058862	319.1297981	6.47345E-05
1332	865.9	32.065	18.745	5.1	244.306456	318.0461188	319.0690017	-1.536046043
1333	865.765	32.145	18.705	5.55	250.9109055	318.1436691	319.1691793	0.015471763
1334	865.71	32.15	18.7	5.1	243.7946912	318.1546596	319.1802703	0.001743087
1337	865.42	32.09666667	18.78333333	5.666666667	249.2470403	318.1295629	319.1571209	-0.007531584
1339	865.185	31.995	18.74	5.35	247.5648291	318.0483076	319.0680239	-0.052074675
1340	865.0766667	32.02666667	18.70666667	5.166666667	241.1967054	318.0927057	319.1125913	0.042441077
1342	864.915	31.945	18.74	5.35	239.8199269	318.0245809	319.0418581	-0.130278513
1343	864.77	31.94	18.67	6.6	240.3946912	318.0346192	319.0480378	0.000206474
1345	864.58	31.94	18.71	5.1	240.4946912	318.0546065	319.0704934	0.000570992
1346	864.51	32.02	18.7	6.95	245.2025886	318.1453734	319.1654031	0.000852115
1347	864.41	31.99	18.67	6.4	248.9946912	318.1246224	319.1414565	-0.002204307
1348	864.32	31.94	18.71	5.9	246.7946912	318.0819668	319.0982604	-0.005483573
1349	864.23	31.89	18.63	5.3	247.5946912	318.0393093	319.0485567	-0.003808825
1353	863.88	31.94	18.67	5	245.8946912	318.1282928	319.1431013	0.127102626
1354	863.76	31.79	18.61	6.3	246.5946912	317.9845159	318.9877517	-0.002735543
1355	863.6533333	31.85666667	18.61	6.1	243.517333	318.0652683	319.0724385	0.064899531
1357	863.45	31.72	18.52	6.25	236.5946912	317.9441606	318.9390956	-0.34622608
1358	863.34	31.79	18.43	5.6	235.7946912	318.0287507	319.0229262	0.006437743
1360	863.16	31.69	18.47	5.4	238.3946912	317.9434184	318.9344364	-0.137235489
1361	863.11	31.79	18.49	5.5	240.4946912	318.0529862	319.0507521	0.352309068
1362	862.97	31.74	18.445	5.35	237.8404855	318.0155898	319.0083457	-0.053451403
1363	862.87	31.79	18.54	5.45	239.8781768	318.0782844	319.0791187	0.201590755
1366	862.59	31.73	18.58333333	5.9	240.0172563	318.0452191	319.0454437	-0.015754147
1368	862.41	31.74	18.61	5.7	242.4946912	318.0746355	319.0771376	0.047301188
1370	862.215	31.745	18.58	5.65	243.5876111	318.1004242	319.1018932	0.66347528
1371	862.14	31.74	18.57	5.7	244.6946912	318.1031216	319.1038858	0.03469846
1372	862.05	31.75	18.57	5.7	245.4946912	318.1230532	319.1245198	
1373	861.93	31.79	18.59	5.8	242.9946912	318.1774558	319.182446	0.174928786
1374	861.8	31.65	18.5	5.7	238.7946912	318.0450983	319.0375736	-0.42578376
1375	861.7	31.74	18.57	5.7	241.0946912	318.1495679	319.1510121	
1376	861.64	31.7	18.485	5.6	236.8018342	318.1141635	319.1088746	-0.113874588
1377	861.57	31.65	18.47	5.9	236.1946912	318.0693784	319.0605962	-0.016007782
1379	861.345	31.665	18.47	6.15	240.3166442	318.1087935	319.1011934	0.040572472
1380	861.22	31.64	18.47	6.6	242.6946912	318.0959058	319.0871015	-0.002047404
1381	861.13	31.6	18.47	6.8	244.2946912	318.0636662	319.0527697	-0.025932353
1382	861.07	31.59	18.46	6.6	245.8946912	318.0595675	319.0476706	-0.003296902
1383	860.95	31.6	18.47	6.6	247.6946912	318.0826832	319.0720618	
1385	860.775	31.545	18.435	6.7	250.0529004	318.0437672	319.0284835	-0.250465473
1386	860.64	31.59	18.34	6.9	251.7946912	318.1050081	319.0873406	0.049261485
1387	860.55	31.54	18.34	7	252.8946912	318.0623282	319.0420348	-0.137347398
1389	860.385	31.55	18.26	7.35	251.2538689	318.0902116	319.0664432	0.014649466
1390	860.28	31.5	18.26	7.2	250.3946912	318.0491155	319.0227597	-0.058785749
1391	860.23	31.45	18.24	7.5	248.1946912	318.0022025	318.9721194	-0.016779383
1392	860.07	31.54	18.24	7.5	246.6946912	318.1130856	319.0881738	
1393	859.96	31.49	18.24	7.2	247.5946912	318.072518	319.0450292	-0.014507927
1394	859.94	31.5	18.19	7.3	251.2946912	318.0850746	319.0554965	0.040413732
1395	859.79	31.45	18.2	7.7	252.4946912	318.0487372	319.0171859	-0.007310714
1396	859.725	31.4	18.16	7.6	255.3308752	318.003406	318.9671043	-0.145946553
1397	859.61	31.4	18.13	7.1	255.9946912	318.0155722	318.9778497	0.001566797
1399	859.44	31.4	18.13	7.3	255.4946912	318.0335616	318.9960923	0.028959007
1400	859.32	31.35	18.11	7.4	249.7946912	317.994047	318.9529882	-0.127240524
1402	859.15	31.35	18.12	7.6	246.0841642	318.0120411	318.9717643	0.028971308
1405	858.82	31.35	18.095	7.65	240.100574	318.0469844	319.0058732	1.350246172
1406	858.73	31.25	17.91	7.2	233.1946912	317.9520653	318.8959459	-0.015098683
1407	858.675	31.275	17.925	7.35	233.6967664	317.9840034	318.9300878	0.045719407
1409	858.465	31.225	17.785	6.95	227.4270727	317.9540173	318.8903737	-0.012074697
1410	858.39	31.2	17.725	6.5	225.1885372	317.9358465	318.8678373	-0.002890875
1411	858.24	31.12666667	17.71333333	6.8	229.154473	317.8751272	318.8028746	-0.02174055
1414	858	31.13	17.67	6.95	231.6817411	317.9040374	318.8300335	0.124214075
1415	857.88	31.2	17.71	7.3	233.7946912	317.9898917	318.9218298	0.022579151
1416	857.775	31.155	17.595	6.9	234.3149851	317.9540054	318.8776947	-0.007226935
1417	857.74	31.06	17.62	7	234.8946912	317.8584537	318.7785596	-0.307978135
1418	857.58	31.15	17.63	7.2	237.7537193	317.9694562	318.8950016	0.089418191
1420	857.43	31.15	17.57	7.3	238.8946912	317.9853643	318.9079743	0.102517901
1422	857.22	31.11	17.63	7.4	240.5946912	317.9658397	318.889814	-0.125840878
1423	857.14	31.1	17.63	7.5	241.7946912	317.9638763	318.8874438	-0.006327611
1424	857.01	31.11	17.68	7.6	241.8946912	317.9881211	318.9150177	0.07813196
1425	856.92	31.055	17.65	7.55	241.5450223	317.9401896	318.8627742	-0.617972583
1427	856.73	31.06	17.66	7.1	241.0904658	317.9655797	318.8892198	0.008082589
1428	856.63	30.96	17.61	7	241.0946912	317.8716697	318.7876515	-0.302785938
1430	856.45	31.06	17.625	7	240.0946912	317.9953068	318.917517	
1431	856.35	31.06	17.635	7.05	239.6443366	318.0059265	318.9288032	0.136915895
1432	856.24	31.06	17.66	7.2	240.7946912	318.0176101	318.941953	0.016736981
1433	856.15	30.96	17.66	7.3	240.5946912	317.9226289	318.841896	-0.306239915
1435	855.965	31.01	17.64	7.3	239.6946912	317.9945535	318.9156401	
1436	855.83	31.01	17.57	7.3	238.3946912	318.0088987	318.9265226	
1437	855.74	30.96	17.57	7.1	238.6946912	317.9661856	318.8813503	-0.034429026
1438	855.69	30.96	17.59	7.2	237.7946912	317.9714993	318.8877769	0.017132297
1439	855.56	30.96	17.54	7.2	238.2946912	317.9853166	318.8991742	
1440	855.47	30.96	17.57	7.1	238.4946912	317.994884	318.9104326	0.030847407
1442	855.3066667	30.96	17.54666667	7.433333333	239.5610567	318.0122504	318.9268153	0.010078764
1444	855.12	30.91	17.57	7.2	241.7946912	317.9798139	318.8932773	-0.03842431
1445	854.98	30.92	17.59	7.2	241.7946912	318.0051628	318.9203819	
1446	854.93	30.91	17.57	7.2	241.8946912	318.0000233	318.9137566	
1447	854.85	30.91	17.57	7.4	241.5946912	318.0085343	318.9223812	0.006861424
1448	854.71	30.91	17.59	7.3	240.7946912	318.023431	318.9385173	0.048037919
1449	854.65	30.915	17.545	7.45	241.1960335	318.035046	318.9481343	0.016646623
1450	854.505	30.84	17.53	7.35	239.9450313	317.97203	318.880685	-0.203257178
1451	854.4	30.87	17.5	7.3	239.9946912	318.0145863	318.9233736	0.549004631
1452	854.3	30.82	17.5	7.4	239.3946912	317.9729289	318.8792932	-0.134374253
1453	854.225	30.845	17.5	7.5	239.8560253	318.0070654	318.9148169	0.110105031
1454	854.14	30.81	17.54	7.4	240.0946912	317.9795017	318.8876505	-0.088915035
1455	854.05	30.82	17.5	7.6	240.6946912	317.9995464	318.9062633	0.01616454
1456	853.92	30.77	17.49	7.6	241.2946912	317.9610815	318.8649058	
1457	853.91	30.72	17.48	7.6	240.5946912	317.9098363	318.8106081	
1458	853.74	30.77	17.475	7.5	241.3946912	317.9802529	318.8835551	0.227180349
1460	853.59	30.77	17.43	7.7	241.0946912	317.9962331	318.8974195	0.025777828
1461	853.51	30.77	17.43	7.6	241.6946912	318.0047573	318.906056	0.027501114
1462	853.43	30.77	17.44	7.6	241.4946912	318.0132825	318.9152107	
1463	853.3	30.745	17.475	7.65	241.1946912	318.0009778	318.9036224	-0.158804344
1464	853.18	30.72	17.48	7.6	240.6946912	317.9876076	318.8894037	-0.172570117
1465	853.09	30.68	17.48	7.6	240.6946912	317.9553421	318.855227	
1466	853	30.745	17.48	7.55	240.3456846	318.0329605	318.9362854	1.001741627
1469	852.725	30.72	17.525	7.65	240.8437108	318.0361248	318.9408836	0.030631532
1472	852.42	30.655	17.53	7.55	239.8456846	318.0006286	318.9027537	-0.343687095
1474	852.25	30.655	17.495	7.6	239.8446912	318.0187693	318.9193319	0.468386371
1475	852.14	30.68	17.46	7.6	239.5946912	318.0566801	318.956867	
1476	852.09	30.58	17.5	7.6	240.1946912	317.9573335	318.8545635	
1477	851.91	30.58	17.5	7.4	239.7946912	317.9765458	318.8740277	0.015505573
1478	851.87	30.63	17.46	7.3	239.3946912	318.033162	318.9311849	0.182740952
1479	851.78	30.63	17.46	7.2	240.5946912	318.0427722	318.9409212	0.031019107
1480	851.63	30.58	17.47	7.1	242.6946912	318.0064421	318.9027768	-0.117282607
1481	851.6	30.58	17.46	7.2	242.8946912	318.0096461	318.9055096	0.010343058
1483	851.41	30.63	17.42	7.4	241.9946912	318.082295	318.9789037	0.117245105
1484	851.27	30.53	17.43	7.6	242.3946912	317.9925423	318.8847991	-0.072447929
1485	851.18	30.58	17.43	7.6	242.3946912	318.0545162	318.9494268	
1487	851	30.54666667	17.42	7.6	241.1052468	318.0388475	318.9318101	-1.28256E+27
1488	850.895	30.49	17.325	7.2	239.5426078	317.9907267	318.8761211	-0.009711987
1489	850.82	30.48	17.27	7	240.4946912	317.9882702	318.8704576	-0.001983254
1491	850.65	30.49	17.27	7.1	241.1946912	318.0169174	318.8998386	0.185015454
1492	850.54	30.49	17.3	7.1	241.3946912	318.0286797	318.9132867	
1493	850.45	30.48	17.3	7.2	241.0946912	318.0278307	318.9120614	-0.002741661
1494	850.35	30.465	17.295	7.1	241.3946912	318.0228149	318.9061776	-0.016198601
1495	850.2	30.39	17.3	7.1	241.3946912	317.9602978	318.8403778	
1497	850.09	30.44	17.3	7.2	240.9946912	318.0244415	318.9071684	0.414334908
1498	849.945	30.44	17.295	7.15	239.2030829	318.0399575	318.9226293	0.200450456
1500	849.775	30.39	17.295	6.8	238.7446912	318.0057701	318.8861802	-0.018030162
1501	849.66	30.44	17.27	6.8	237.7946912	318.0704642	318.9522527	
1502	849.545	30.39	17.195	6.8	236.2446912	318.0303908	318.9060251	
1504	849.34	30.39	17.19	6.9	234.8946912	318.0523425	318.9280029	0.141819853
1505	849.29	30.34	17.1	6.7	234.2946912	318.0053062	318.8739866	-0.037991194
1507	849.12	30.32	17.1	6.75	234.2458023	318.0025559	318.8704834	-0.071090167
1508	848.995	30.275	17.07	6.85	234.8421364	317.9687895	318.8331572	-0.109115959
1509	848.94	30.3	17.04	6.9	235.3946912	318.0008792	318.8650253	0.414756586
1510	848.7666667	30.23666667	17	6.966666667	238.0918285	317.9530769	318.8123392	-0.347607194
1511	848.67	30.23	16.965	7.15	240.7583281	317.9564473	318.8137463	0.003240913
1513	848.53	30.23	16.96	7.25	241.7002088	317.97145	318.828684	0.096976455
1514	848.435	30.205	16.95	7.45	244.0967046	317.9554291	318.8110719	-0.012945819
1515	848.31	30.25	16.95	7.5	244.6946912	318.0159956	318.8739911	0.782944157
1516	848.22	30.21	16.98	7.6	245.0946912	317.9837175	318.8414061	-0.104328794
1517	848.155	30.185	16.985	7.7	245.4946912	317.9644814	318.821295	-0.062179466
1518	848.04	30.2	17.01	7.7	245.9946912	317.9925364	318.8514956	
1520	847.87	30.21	17.01	7.6	245.9946912	318.0212533	318.8809283	0.185636306
1521	847.78	30.21	17.04	7.6	246.5946912	318.0309086	318.8922212	
1522	847.64	30.21	16.99	7.4	247.0946912	318.0459305	318.9049042	0.012138426
1523	847.59	30.21	17.04	7.5	246.8946912	318.0512963	318.9128653	0.017343107
1524	847.51	30.11	16.95	7.4	248.0946912	317.9550366	318.807317	-0.311231337
1525	847.33	30.16	16.95	7.3	246.8946912	318.0267787	318.8817198	0.231921827
1526	847.28	30.135	16.95	7.35	246.6940109	318.0059331	318.8597301	-0.269573529
1528	847.1	30.16	16.93	7.3	246.4946912	318.0514721	318.9057122	1.177716483
1530	846.87	30.16	16.95	7.3	247.1946912	318.0761741	318.9317318	
1531	846.85	30.16	16.96	7.1	247.0946912	318.0783225	318.9344119	0.001736299
1532	846.73	30.16	16.96	7.1	247.7946912	318.0912144	318.9474648	
1534	846.51	30.11	16.95	7.2	246.8946912	318.0624149	318.9160323	-0.186231447
1535	846.47	30.11	16.96	7.2	247.1946912	318.0667135	318.920888	
1536	846.33	30.06	16.93	7.15	246.8918939	318.0293166	318.8797525	-0.483732891
1538	846.13	30.07	16.88	7.133333333	246.3876818	318.0613037	318.9099752	7.447372735
1539	846.08	30.07	16.88	6.8	247.0946912	318.0666792	318.9154174	0.001564456
1541	845.84	30.02	16.86	6.8	247.0946912	318.0400353	318.8856853	
1542	845.75	30.02	16.86	6.9	246.6946912	318.0497144	318.8954838	0.031303997
1543	845.66	30.02	16.83	6.9	245.8946912	318.0593947	318.9037785	
1544	845.53	29.97	16.88	6.9	245.1946912	318.0209219	318.8655874	
1546	845.35	30	16.82	6.75	242.708025	318.0717639	318.9150993	0.146172819
1547	845.26	29.93	16.79	6.6	241.9946912	318.0080017	318.8466141	-0.09168063
1548	845.21	29.975	16.83	6.6	240.8446912	318.0605991	318.9034251	
1549	845.09	29.93	16.82	6.6	240.0946912	318.0262961	318.8666313	
1550	845	29.93	16.82	6.7	239.6946912	318.0359833	318.8764373	0.031339726
1551	844.89	29.955	16.845	6.7	238.3946912	318.0740595	318.9171035	
1552	844.85	29.93	16.81	6.9	238.1946912	318.0521316	318.8922839	-0.017735133
1553	844.7	29.905	16.755	6.8	238.2446912	318.042047	318.8784601	-0.032627905
1554	844.58	29.88	16.75	6.8	238.1946912	318.028733	318.8638681	
1555	844.51	29.84	16.75	6.8	237.5946912	317.9942912	318.8276235	
1556	844.45	29.88	16.76	6.8	237.7946912	318.0427346	318.8785391	
1558	844.27	29.84	16.73	6.9	237.3946912	318.0201418	318.8527931	-0.146226557
1559	844.155	29.86	16.735	6.95	235.889655	318.0535251	318.8875224	0.432101815
1561	844	29.835	16.73	6.95	234.9457703	318.0439865	318.876755	
1562	843.84	29.79	16.7	7	234.1946912	318.0139932	318.8433554	-0.388313275
1563	843.75	29.77666667	16.71	6.9	234.3613574	318.0096971	318.8390451	-0.013905614
1564	843.64	29.84	16.7	6.9	235.3946912	318.0880447	318.9200268	
1566	843.47	29.79	16.73	6.9	236.0946912	318.0538843	318.8852201	
1567	843.43	29.79	16.72	7	236.6946912	318.0581982	318.8890894	0.013962646
1568	843.29	29.745	16.685	7.1	236.5946912	318.026051	318.8532684	-0.104065192
1570	843.11	29.77	16.67	7.1	236.0446912	318.0717184	318.8996011	
1571	842.98	29.75	16.66	7.1	235.2946912	318.0647452	318.891361	
1572	842.93	29.75	16.67	7	235.4946912	318.0701409	318.897318	0.017466488
1574	842.7266667	29.73	16.65	6.933333333	235.2288258	318.0710846	318.8965953	0.013747213
1576	842.57	29.7	16.64	6.8	234.7946912	318.0564918	318.8803049	-0.053151612
1577	842.475	29.68	16.64	6.8	235.4557212	318.0457439	318.8687445	-4.41141E+26
1579	842.24	29.7	16.645	6.95	237.1464898	318.0921277	318.9166169	0.13348741
1580	842.2	29.66	16.61	7	236.6946912	318.0544347	318.8753739	-0.48820798
1581	842.06	29.66	16.62	7	236.2946912	318.0695573	318.8911719	
1582	841.99	29.65	16.62	7.1	236.6946912	318.0666156	318.887854	-0.009525575
1583	841.85	29.63	16.64	7	236.6932626	318.0607332	318.882207	-0.019049406
1585	841.685	29.61	16.6	6.95	237.69613	318.0575539	318.8763347	-0.082372589
1587	841.495	29.61	16.625	6.95	238.543612	318.078091	318.8983506	
1588	841.4	29.56	16.61	6.9	238.8946912	318.0358303	318.853146	-0.547549472
1589	841.28	29.57666667	16.59666667	7.033333333	239.4970701	318.0663153	318.8839038	0.055540742
1592	841.05	29.565	16.55	7.1	239.5946912	318.0789304	318.8939751	0.275813758
1593	840.95	29.48	16.52	7.1	238.2946912	318.0004304	318.8102022	
1594	840.805	29.52	16.52	7	237.9446912	318.0581474	318.8699492	0.186976896
1595	840.72	29.52	16.51	6.9	237.3946912	318.067344	318.8787632	0.029792858
1596	840.68	29.52	16.52	6.9	237.6946912	318.0716722	318.8836341	
1597	840.53	29.52	16.53	6.9	238.1946912	318.0879053	318.9005511	
1598	840.42	29.52	16.55	7	238.2946912	318.0998119	318.9135823	0.038572133
1600	840.2633333	29.49	16.52	6.966666667	237.3913397	318.0852422	318.8963532	-0.849671939
1601	840.19	29.47	16.51	7.1	236.5946912	318.0721611	318.8819531	-0.023841031
1603	839.99	29.47	16.53	6.9	236.9946912	318.0938187	318.9048478	0.03508624
1604	839.92	29.43	16.53	6.9	237.2946912	318.0593541	318.8686292	
1605	839.79	29.47	16.58	6.8	238.0946912	318.1154829	318.9292223	0.181862088
1606	839.74	29.47	16.53	6.9	237.7946912	318.1209	318.9322495	0.017551852
1607	839.63	29.43	16.53	7	237.5946912	318.0907686	318.9004146	-0.097641113
1608	839.54	29.43	16.51	7	237.8946912	318.1005208	318.9093022	
1609	839.45	29.43	16.51	6.9	237.6946912	318.1102743	318.9191707	0.031606399
1611	839.205	29.38	16.485	6.8	236.0123408	318.0842617	318.8899505	-0.168615949
1612	839.14	29.38	16.48	6.7	235.4021541	318.0913082	318.8968353	0.022837955
1613	839.05	29.38	16.44	6.6	235.5946912	318.1010661	318.9047524	0.031625773
1614	838.92	29.39	16.45	6.6	235.4946912	318.1256784	318.9304767	
1615	838.83	29.365	16.42	6.6	236.2946912	318.1091512	318.9114538	
1616	838.74	29.3	16.39	6.6	236.0946912	318.0505605	318.8485532	
1617	838.65	29.3	16.42	6.7	236.1946912	318.0603218	318.8598889	0.031645168
1618	838.54	29.34	16.4	6.7	235.9446912	318.1143202	318.9148732	
1619	838.47	29.34	16.42	6.7	235.3946912	318.1219155	318.9235336	
1620	838.33	29.34	16.37	6.7	235.6946912	318.1371086	318.9364628	
1622	838.23	29.25	16.4	6.8	235.5946912	318.0533041	318.8501563	-0.543462005
1623	838.07	29.29	16.4	6.8	235.4946912	318.112742	318.9116134	
1625	837.94	29.3	16.42	6.9	235.3946912	318.1373748	318.9378406	0.15971423
1626	837.815	29.255	16.41	6.8	234.9446912	318.1036126	318.9017017	-0.109469958
1627	837.67	29.23	16.42	6.7	234.2946912	318.0930611	318.8906835	-0.034214763
1628	837.58	29.16	16.39	6.8	234.6946912	318.0291964	318.8223063	-0.207139088
1629	837.49	29.21	16.33	6.8	234.8946912	318.091572	318.8841453	
1630	837.4	29.16	16.33	6.8	235.3946912	318.0487461	318.8391778	
1631	837.31	29.185	16.31	6.9	236.1446912	318.0848253	318.8755268	0.117009774
1633	837.16	29.16	16.32	6.9	235.2946912	318.0748207	318.8650687	
1634	837.08	29.21	16.29	6.9	235.1946912	318.1361232	318.9272687	
1635	836.955	29.135	16.27	6.7	234.4446912	318.0707951	318.8577562	-0.052975721
1636	836.9	29.16	16.26	6.7	234.4946912	318.1030791	318.8907462	
1637	836.775	29.12	16.24	6.7	233.0446912	318.0745774	318.8596403	
1639	836.58	29.095	16.235	6.75	233.0939504	318.0694707	318.8534167	-0.132534305
1640	836.44	29.12	16.21	6.7	232.6946912	318.111006	318.8950348	0.538934665
1641	836.4	29.07	16.22	6.8	232.5946912	318.0627359	318.8450657	-0.156606099
1642	836.31	29.08	16.2	6.7	232.1946912	318.0830494	318.8649716	0.065902366
1643	836.22	29.12	16.2	6.8	231.7946912	318.1349395	318.918758	0.168322811
1645	836.0233333	29.01333333	16.17333333	6.666666667	231.0611912	318.0440688	318.8220965	-0.331732608
1646	835.94	29.03	16.17	6.6	231.1946912	318.0706792	318.8493889	0.194277301
1647	835.86	28.94	16.12	6.8	230.9946912	317.9846501	318.7570763	-0.069807602
1648	835.77	29.03	16.17	6.7	230.9946912	318.0891813	318.868101	0.339182771
1649	835.64	28.99	16.08	6.8	231.3946912	318.0612254	318.8342047	-0.090723234
1650	835.565	28.965	16.045	6.85	232.9421364	318.043072	318.8133618	-0.23566712
1651	835.44	28.99	16.05	6.7	235.7946912	318.0830002	318.8547823	0.057589393
1652	835.35	28.99	16.07	6.8	234.8946912	318.0928011	318.8656553	0.031806
1653	835.22	28.99	16.12	6.9	234.5946912	318.1069603	318.8823791	0.04594978
1654	835.18	28.9	16.1	6.8	233.7946912	318.01656	318.7871007	-0.293456693
1655	835.06	28.94	16.09	6.8	233.7946912	318.0717456	318.8437137	
1657	834.91	28.94	16.07	6.8	234.1946912	318.088088	318.8592802	
1658	834.82	28.94	16.02	6.6	234.0946912	318.0978952	318.8667978	0.007957991
1659	834.705	28.895	15.975	6.55	235.4427828	318.0630427	318.8279596	-0.452559995
1660	834.59	28.9	15.93	6.5	235.1946912	318.0808414	318.8439605	0.231112208
1661	834.5	28.855	15.945	6.45	235.8489549	318.0432622	318.8052504	-0.488029655
1662	834.46	28.85	15.94	6.5	236.0946912	318.0423569	318.8039373	-0.01175732
1663	834.33	28.85	15.96	6.7	236.0946912	318.056529	318.8192224	0.011503202
1664	834.24	28.85	15.93	6.55	235.3954545	318.066342	318.8277107	0.014160188
1665	834.1	28.85	15.97	6.5	235.7946912	318.0816095	318.8450598	0.198277777
1667	833.92	28.81	15.97	6.6	235.9946912	318.0591114	318.8210389	-0.146110208
1668	833.86	28.77	15.98	6.6	236.8946912	318.0235231	318.7842617	
1669	833.74	28.85	15.97	6.7	237.3946912	318.1208839	318.8847712	0.316104572
1670	833.68	28.85	15.96	6.6	238.6946912	318.1274318	318.8909136	0.021259122
1671	833.585	28.79	15.985	6.65	238.6435634	318.0745945	318.8367735	-0.686330172
1672	833.46	28.81	15.99	6.8	238.5946912	318.1093065	318.8727464	0.050095759
1674	833.315	28.79	16	6.65	238.8961949	318.1040657	318.8672876	-0.015127858
1675	833.15	28.81	15.97	6.6	237.1446912	318.1431537	318.9060149	0.507700653
1677	833.03	28.77	15.97	6.6	236.3946912	318.1141147	318.8753815	
1678	832.92	28.725	15.94	6.55	234.9924011	318.0787141	318.836734	-0.459935587
1679	832.79	28.77	15.96	6.6	234.7946912	318.1403316	318.9014123	0.800433187
1680	832.74	28.72	15.94	6.7	234.1946912	318.0931075	318.8511282	-0.153389789
1681	832.65	28.68	15.94	6.7	233.9946912	318.0607895	318.8171891	
1682	832.56	28.68	15.97	6.6	233.2946912	318.0706225	318.8285543	0.03194311
1683	832.465	28.7	15.93	6.5	233.3446912	318.1020801	318.8590919	0.102185008
1684	832.355	28.66	15.925	6.55	234.4458362	318.0719473	318.8271271	-0.391578374
1685	832.21	28.64	15.94	6.6	234.1946912	318.0667176	318.8219201	-0.067964664
1686	832.12	28.59	15.94	6.6	233.7946912	318.0238577	318.7770141	
1687	832.03	28.64	15.94	6.6	232.3946912	318.0863958	318.8418148	
1688	832.01	28.64	15.94	6.6	232.8946912	318.0885826	318.8440256	
1689	831.85	28.615	15.91	6.55	231.8465996	318.0797276	318.8328648	-0.11508785
1690	831.76	28.64	15.87	6.4	231.0946912	318.1159232	318.8683484	0.052266316
1691	831.67	28.59	15.835	6.4	231.4946912	318.0730623	318.8217941	
1693	831.51	28.64	15.83	6.6	232.2946912	318.1432745	318.8941023	0.114059332
1694	831.405	28.59	15.86	6.85	232.2435963	318.1020539	318.8522846	-0.021431589
1695	831.32	28.57	15.815	6.85	231.1479759	318.0902705	318.8376194	
1697	831.12	28.505	15.755	6.8	231.6446912	318.0436292	318.7856189	-1.212839066
1699	830.94	28.46	15.69	6.9	233.3946912	318.015884	318.7531257	-0.180395397
1700	830.8433333	28.52	15.72666667	6.8	232.7946897	318.0897315	318.8313491	0.240025154
1701	830.755	28.465	15.665	6.9	235.1446912	318.0414087	318.7779034	-0.157091158
1702	830.66	28.44666667	15.63666667	6.966666667	236.6621422	318.032479	318.7669828	-0.065319913
1703	830.52	28.42	15.61	7	239.5946912	318.0196892	318.7519867	-0.374260065
1705	830.37	28.46	15.615	7.2	241.1446912	318.0783023	318.8126873	0.095273559
1707	830.21	28.46	15.64	7	242.1946912	318.095833	318.8315817	0.028495591
1708	830.12	28.42	15.67	7	242.7946912	318.0635084	318.79909	
1709	830.03	28.46	15.67	7.1	241.2946912	318.1155604	318.8529322	0.169217482
1710	829.91	28.38	15.65	7.1	239.1946912	318.0443336	318.7775436	
1712	829.76	28.42	15.62	6.7	236.0946912	318.1029689	318.8366249	0.023830546
1713	829.625	28.42	15.64	6.6	236.2946912	318.1177724	318.8525262	0.048131614
1715	829.4	28.33	15.67	6.6	235.8946912	318.0475055	318.7801524	
1716	829.35	28.38	15.68	6.6	236.1946912	318.1057379	318.8410107	
1717	829.26	28.38	15.68	6.6	236.3946912	318.1156115	318.8509899	
1718	829.13	28.355	15.67	6.45	237.0877144	318.1034994	318.8375112	-0.017506347
1719	829.04	28.29	15.67	6.2	236.9946912	318.0447949	318.7761876	-0.030552235
1720	828.95	28.33	15.67	6.2	236.2946912	318.096875	318.8300487	
1722	828.76	28.29	15.655	6.45	234.9877139	318.0755227	318.8065423	-0.022225199
1724	828.63	28.33	15.7	6.1	234.5946912	318.1320031	318.8669563	0.029990651
1725	828.53	28.33	15.68	6.4	234.5946912	318.1429842	318.8771186	0.003968244
1727	828.33	28.27666667	15.77666667	6.266666667	237.4680807	318.1086668	318.8453122	-0.125584903
1729	828.09	28.25	15.83	6.3	239.2946912	318.1068869	318.8451787	-0.104230559
1730	828	28.34	15.83	6.3	239.6946912	318.2117672	318.9539776	
1732	827.84	28.31	15.81	6.4	241.1446912	318.1976898	318.9378808	-0.091574895
1733	827.79	28.33	15.84	6.4	240.9946912	318.2242975	318.9668014	
1735	827.565	28.25	15.83	6.3	240.8946912	318.1645893	318.9035017	-0.388483902
1736	827.46	28.21	15.78	6.3	239.8946912	318.1339096	318.8689272	
1738	827.3	28.23	15.785	6.25	239.0474912	318.1726197	318.9089009	1.007518318
1740	827.14	28.14	15.755	6.3	236.5446912	318.0952007	318.8264932	-2.015607553
1742	826.91	28.12	15.73	6.2	236.9946912	318.0993852	318.8289503	0.027237483
1743	826.82	28.21	15.73	5.9	238.0946912	318.2043181	318.937758	0.037934704
1744	826.73	28.12	15.73	5.8	239.4946912	318.1191915	318.848967	-0.277052712
1745	826.59	28.16	15.74	6.1	240.2946912	318.1768394	318.9089175	0.020843959
1746	826.53	28.16	15.71	6.25	239.6946912	318.1834451	318.9141981	0.009553775
1748	826.33	28.16	15.69	6.2	240.2946912	318.2054683	318.9355251	0.573338611
1750	826.15	28.08	15.69	6.5	241.8946912	318.140804	318.8677335	-0.046774226
1752	826.005	28.08	15.68	6.55	241.6511802	318.1567755	318.8834105	0.415899255
1753	825.91	28.12	15.63	6.6	241.7946912	318.2094905	318.9355803	0.686264719
1754	825.75	28.12	15.65	6.8	242.6946912	318.2271233	318.9543288	0.01434688
1755	825.68	28.08	15.62	6.7	242.3946912	318.1925866	318.9168185	-0.112417968
1757	825.48	28.08	15.65	6.7	241.0946912	318.2146332	318.9404889	
1758	825.37	28.015	15.605	6.65	239.0450671	318.1580942	318.8792999	-0.736303007
1759	825.28	27.95	15.54	6.4	238.5946912	318.0993472	318.8149819	-0.030608871
1760	825.25	27.95	15.6	6.5	238.9946912	318.1026544	318.8210868	0.010769632
1761	825.12	27.91	15.49	6.3	237.2946912	318.0747267	318.786608	-0.022739186
1763	824.98	27.89	15.435	6.1	235.3946912	318.0690321	318.7777321	-0.009273883
1764	824.82	27.89	15.315	5.95	232.3509937	318.0866768	318.7900476	0.025542328
1765	824.765	27.85	15.285	5.75	232.1842562	318.0504777	318.7509243	-0.029479764
1766	824.665	27.805	15.22	5.6	234.1545129	318.0139569	318.709739	-0.052882089
1767	824.585	27.785	15.215	6	236.3980245	318.001646	318.6964912	-0.002506981
1768	824.47	27.83	15.18	6	236.9946912	318.0618851	318.7570518	
1769	824.39	27.79	15.2	6	236.5946912	318.0284409	318.7230177	
1770	824.26	27.74	15.17	6.2	237.9946912	317.9899439	318.6813086	-0.03136259
1771	824.17	27.75333333	15.17333333	6.066666667	238.5271104	318.0139663	318.7061123	0.044031748
1772	824.07	27.74	15.15	6.1	239.4946912	318.0109107	318.7015747	-0.089616532
1774	823.94	27.78	15.14	6	238.4946912	318.067538	318.7594763	0.369013861
1775	823.85	27.74	15.16	6	238.1946912	318.0351959	318.7265601	
1777	823.66	27.7	15.13	6.05	238.0451044	318.013894	318.7025185	-0.555406902
1778	823.58	27.7	15.14	6.1	238.0946912	318.0227286	318.7118968	0.115172968
1779	823.49	27.7	15.12	6	238.2946912	318.0326687	318.7210261	0.03239619
1780	823.38	27.66	15.12	6	237.8946912	318.0025335	318.6894339	
1781	823.25	27.7	15.11	6	237.5946912	318.0591825	318.7473501	
1782	823.15	27.7	15.11	5.9	238.0946912	318.0702329	318.7585112	0.036014606
1784	822.995	27.68	15.105	5.85	238.988708	318.0662183	318.7536509	-0.104678474
1785	822.895	27.64	15.09	5.8	239.4446912	318.034979	318.7202643	-0.407334186
1786	822.76	27.62	15.08	5.9	239.9946912	318.0287552	318.7129491	-0.020289595
1787	822.71	27.62	15.09	6	239.4946912	318.0342829	318.7189856	0.01802039
1788	822.57	27.66	15.1	6.1	238.5946912	318.0920609	318.7789471	0.188331372
1789	822.48	27.66	15.08	6.2	237.3946912	318.1020154	318.7880911	0.032447354
1791	822.34	27.58	15.15	5.95	236.3972122	318.0329002	318.7191569	-0.072110641
1792	822.21	27.66	15.2	5.9	235.9946912	318.1318873	318.8237231	1.290621272
1793	822.11	27.66	15.2	6	233.9946912	318.1429541	318.8349014	0.0360732
1794	822.08	27.66	15.25	6.1	233.6946912	318.1462745	318.8405315	0.01082306
1795	821.955	27.62	15.235	6.15	233.2971302	318.1178039	318.8099265	-0.371257713
1797	821.8	27.62	15.24	5.9	232.6946912	318.134963	318.8274856	0.017900426
1798	821.72	27.58	15.23	5.9	232.5946912	318.1015103	318.7920799	
1799	821.61	27.58	15.23	5.8	232.7946912	318.11369	318.804382	0.03971126
1800	821.48	27.58	15.24	5.8	233.0946912	318.128087	318.8193772	
1801	821.44	27.54	15.21	5.9	233.3946912	318.0902027	318.7785935	-0.123535715
1802	821.32	27.515	15.205	5.9	233.5946912	318.0770459	318.7643558	
1803	821.21	27.54	15.18	6	234.2946912	318.1156796	318.8029673	0.125979428
1804	821.12	27.49	15.18	5.9	234.5946912	318.072752	318.7581681	-0.140004428
1806	820.96	27.49	15.145	5.75	235.5903432	318.0904801	318.7744922	0.051394212
1807	820.85	27.45	15.12	5.7	235.6946912	318.0603472	318.7417836	-0.393154684
1808	820.8	27.45	15.11	5.7	235.3946912	318.0658884	318.7469289	
1809	820.64	27.43	15.09	5.55	234.5469435	318.0624596	318.7419928	-0.004971107
1810	820.55	27.41	15.08	5.6	234.7446912	318.0512728	318.7296741	-0.145977723
1813	820.275	27.41	15.08	5.55	234.9442407	318.0817647	318.760467	1.193677696
1814	820.21	27.37	15.1	5.6	233.9946912	318.0466409	318.7247538	-0.458395555
1815	820.12	27.41	15.1	5.8	232.7946912	318.0989568	318.7787292	0.042667253
1816	820.01	27.41	15.095	5.65	231.1991161	318.1111602	318.7908282	0.017693853
1817	819.89	27.37	15.08	5.6	230.9946912	318.0821378	318.7597023	-0.378767581
1818	819.86	27.33	15.08	5.7	230.0946912	318.0431285	318.7191695	-0.127292963
1819	819.71	27.35	15.07	5.85	228.8912723	318.0809425	318.7574763	0.054837529
1820	819.62	27.31	15.05	5.8	228.1912429	318.0485899	318.7227717	-0.422314335
1823	819.4	27.33	15.05	5.7	228.9946912	318.0941822	318.7693795	0.446323612
1824	819.31	27.29	15.02	5.7	228.6946912	318.0618291	318.7342302	
1825	819.13	27.29	15	5.8	228.6946912	318.0818169	318.7535178	0.065231546
1826	819.08	27.27	14.99	5.8	228.4912429	318.0661952	318.736731	-6.46322E+26
1827	818.99	27.29	15	5.9	228.4946912	318.0973668	318.7692197	0.101730832
1828	818.895	27.25	14.98	5.95	227.7938508	318.0655682	318.7350863	-0.415164561
1830	818.73	27.25	14.985	5.95	227.3955315	318.0838996	318.7538198	
1831	818.62	27.29	14.98	5.9	226.8946912	318.1384794	318.8098378	0.712503217
1832	818.49	27.21	14.975	5.85	226.0929818	318.0682135	318.7364072	-0.917517734
1834	818.345	27.23	14.96	5.85	226.0964006	318.105511	318.7739605	
1835	818.225	27.23	14.955	5.75	227.7433868	318.1188531	318.7872088	0.043551605
1836	818.12	27.21	14.91	5.9	228.6946912	318.1093475	318.775039	-0.013791275
1837	818.03	27.21	14.93	5.9	228.7946912	318.1193567	318.7860381	
1838	817.99	27.13	14.91	5.9	228.6946912	318.0390744	318.7018479	
1840	817.805	27.16	14.91	5.85	230.1694767	318.0914254	318.7555428	1.367406186
1842	817.61	27.17	14.89	6	229.5946912	318.1237137	318.7875314	0.093704488
1843	817.51	27.09	14.9	5.9	230.3446912	318.050097	318.7114162	-0.240414019
1844	817.4	27.13	14.89	6	231.2946912	318.1047119	318.7672284	0.178334997
1845	817.3	27.09	14.9	6.1	231.4946912	318.073467	318.735011	-0.102038032
1846	817.2	27.09	14.87	6.1	230.4946912	318.0845983	318.7449172	
1847	817.11	27.09	14.86	6	231.4946912	318.0946177	318.7545887	0.032720941
1848	817	27.04	14.79	6	230.2946912	318.0538907	318.7089815	
1849	816.97	27.03666667	14.80666667	6.066666667	231.2606269	318.0536992	318.7094341	-0.001408008
1851	816.78	27.01	14.77	5.9	233.0446912	318.0466017	318.6999102	-0.016692899
1852	816.67	27.01	14.76	5.9	234.8946912	318.058853	318.7118354	
1853	816.58	26.97	14.74	6	235.8946912	318.0264918	318.6771838	-0.105726011
1854	816.4766667	26.99666667	14.74666667	6.166666667	237.8341517	318.0662613	318.7183573	0.046770361
1856	816.27	26.92	14.72	6.1	238.3946912	318.0080409	318.6563066	-0.856084645
1857	816.21	26.985	14.71	6.1	238.2455109	318.0836137	318.7339323	
1858	816.09	26.96	14.72	6	238.7946912	318.0704935	318.7204443	-0.042865623
1859	815.99	26.92	14.7	6	239.4946912	318.0392459	318.6869246	
1860	815.9	26.92	14.72	6	240.0946912	318.049279	318.6979335	
1861	815.81	26.92	14.72	6.1	240.5946912	318.0593135	318.7080627	0.032788852
1862	815.75	26.93	14.74	6.2	239.2946912	318.0766037	318.7266719	0.056495645
1863	815.67	26.905	14.735	6.15	239.5459107	318.0590257	318.7080223	-0.229763815
1864	815.59	26.92	14.74	6.2	239.9946912	318.0838484	318.7337107	0.32444269
1866	815.3833333	26.88333333	14.72666667	6.133333333	240.5675184	318.0680334	318.7161548	-0.232575785
1868	815.19	26.86	14.695	6.25	241.2418911	318.0648683	318.7109297	-0.015199661
1869	815.095	26.88	14.675	6.25	241.9938912	318.0966743	318.7427	
1870	815.03	26.8	14.67	6.2	242.5946912	318.0191102	318.6620128	-1.014199507
1871	814.94	26.88	14.67	6.2	242.7946912	318.1139764	318.7599445	
1872	814.81	26.81	14.68	6.2	242.9946912	318.0542687	318.6982103	
1873	814.76	26.88	14.67	6.2	243.2946912	318.1340747	318.7802314	
1874	814.67	26.8	14.69	6.2	242.9946912	318.0592959	318.7034512	
1875	814.5666667	26.80333333	14.67	6.3	244.7381017	318.0743695	318.7178793	0.049273627
1876	814.49	26.76	14.66	6.4	245.9946912	318.0369797	318.6785262	-0.122240262
1878	814.295	26.78	14.65	6.3	246.2446912	318.07997	318.7220218	0.28108174
1879	814.18	26.8	14.67	6.4	245.9946912	318.1140299	318.7578201	0.111338541
1880	814.07	26.76	14.68	6.3	244.9946912	318.083899	318.7267589	-0.098508297
1881	813.98	26.72	14.68	6.3	245.2946912	318.0515319	318.6930045	
1882	813.91	26.77	14.68	6.2	245.1946912	318.1123877	318.7557857	0.198952196
1883	813.76	26.76	14.68	6.35	244.6466597	318.1185498	318.7617337	0.00895378
1884	813.71	26.72	14.67	6.3	244.7946912	318.081711	318.7230279	-0.48181994
1885	813.6	26.705	14.665	6.35	244.1946912	318.0780984	318.7187569	-0.047251624
1887	813.4	26.7	14.66	6.35	243.492329	318.09516	318.7356236	
1889	813.255	26.67	14.635	6.25	242.6970912	318.0795525	318.7179689	-0.10208352
1890	813.15	26.65	14.635	6.15	241.8442847	318.0700799	318.707869	-0.030980371
1891	813.08	26.68	14.61	6.1	241.6946912	318.1097403	318.7476154	0.518792495
1892	812.93	26.61	14.6	6.1	241.4946912	318.0522549	318.6872791	
1893	812.87	26.625	14.6	6.05	240.9946912	318.0748845	318.7105206	0.296069471
1894	812.75	26.57	14.59	5.95	241.1946912	318.0299553	318.6632668	-0.146982275
1895	812.68	26.61	14.57	6	241.7946912	318.0802342	318.7142114	0.657845826
1896	812.59	26.61	14.57	6.1	241.8946912	318.0903095	318.7243795	0.032956011
1897	812.48	26.57	14.55	6.3	242.4946912	318.060178	318.6920307	-0.024643161
1898	812.38	26.57	14.55	6.3	242.3946912	318.0713749	318.7033304	
1900	812.18	26.53	14.53	6.3	242.8946912	318.0513218	318.6811583	
1901	812.16	26.53	14.54	6.3	242.5946912	318.0535618	318.6838523	
1902	812.03	26.49	14.5	6.2	242.9946912	318.0256692	318.6529086	-0.091272841
1903	811.935	26.51	14.505	6.2	242.9438847	318.0575389	318.6858167	1.3219E+27
1904	811.82	26.45	14.48	6.1	242.7946912	318.0067377	318.6318805	-0.166258473
1905	811.7666667	26.46333333	14.44666667	6.133333333	243.7974086	318.0268657	318.6511041	0.592835006
1906	811.66	26.41	14.42	6.3	244.4946912	317.9822052	318.603483	-0.052625209
1907	811.61	26.41	14.43	6.2	244.4946912	317.9878077	318.609567	0.018337904
1908	811.53	26.41	14.42	6.1	243.1446912	317.9967726	318.618182	0.029343668
1909	811.415	26.41	14.42	6.1	243.6110863	318.0096617	318.6311875	
1910	811.31	26.39	14.41	6.05	242.8393191	318.0001994	318.6206832	-0.123894343
1911	811.22	26.37	14.41	6.2	241.9946912	317.9890559	318.6089141	-0.016213056
1912	811.105	26.37	14.395	6.15	241.3938782	318.0019496	318.6212786	0.168835354
1914	810.93	26.35666667	14.39333333	6.2	240.561358	318.0074179	318.6263748	0.143213095
1915	810.8	26.37	14.4	6.2	240.0946912	318.0361573	318.6560094	
1916	810.745	26.33	14.38	6.3	239.3446912	317.9998542	318.6174718	-0.118857838
1918	810.6	26.33	14.38	6.3	239.1946912	318.0161218	318.6338855	
1919	810.44	26.33	14.4	6.25	238.7426912	318.0340767	318.652861	0.23514047
1920	810.4	26.33	14.37	6.3	237.9946912	318.0385661	318.6561016	0.058794446
1921	810.26	26.30333333	14.37	6.166666667	235.9363082	318.0259609	318.6426862	-0.023216536
1923	810.08	26.25	14.34	6.05	234.3467573	317.9895248	318.6032486	-0.175334471
1924	809.99	26.25	14.33	6	233.8946912	317.9996295	318.6130154	0.132368348
1925	809.92	26.25	14.33	6.2	233.037433	318.0074898	318.6209457	0.006435419
1926	809.79	26.25	14.32	6.5	233.1946912	318.0220897	318.6352475	0.005312581
1927	809.73	26.19666667	14.32333333	6.4	232.2280248	317.9721774	318.5836497	-0.163487221
1930	809.46	26.17	14.31	6.25	232.1962912	317.9741787	318.5844093	0.008741041
1931	809.38	26.15	14.27	6.033333333	231.2963483	317.96192	318.5698208	-0.008554742
1932	809.245	26.135	14.27	6.05	231.3847724	317.9611534	318.5686609	-0.090410892
1933	809.21	26.135	14.26	6.2	231.9446912	317.9650865	318.572203	0.005726943
1934	809.11	26.13	14.25	6.2	232.5946912	317.971013	318.5776274	
1935	808.99	26.14	14.26	6.4	232.8946912	317.9951267	318.602637	0.019749766
1936	808.89	26.14	14.23	6.5	233.2946912	318.0063696	318.6127008	0.036832997
1937	808.79	26.14	14.26	6.5	232.6946912	318.0176142	318.625323	
1938	808.72	26.14	14.24	6.6	233.1946912	318.0254866	318.6324125	0.025790683
1939	808.66	26.1	14.21	6.4	231.4946912	317.9897301	318.5940368	-0.0292895
1940	808.52	26.1	14.22	6.6	232.0946912	318.0054768	318.6103472	0.012898725
1942	808.3566667	26.07333333	14.20333333	6.266666667	230.3649078	317.995513	318.598904	-0.005876995
1943	808.25	26.02	14.19	6.2	228.3946912	317.9508332	318.5519051	-0.32947795
1944	808.2	26.04	14.205	6.25	229.5506915	317.9777147	318.580168	0.352385119
1945	808.09	26.06	14.22	6.2	229.0946912	318.0113501	318.6152466	0.440891853
1946	807.9766667	26.00666667	14.17333333	6.266666667	228.3989457	317.9674201	318.567591	-0.323963753
1948	807.78	26.02	14.15	6.4	228.8946912	318.0037314	318.6035696	0.133883522
1950	807.61	25.98	14.15	6.366666667	229.2920718	317.9803538	318.5789714	-1.37931347
1952	807.47	25.94	14.14	6.4	229.6946912	317.9535977	318.5505453	-1.578863526
1953	807.3	25.94	14.14	6.4	229.5946912	317.9727452	318.5698588	
1955	807.1475	25.9225	14.1275	6.375	229.2695932	317.9713202	318.5674505	-0.149499174
1956	807.06	25.9	14.12	6.4	229.5946912	317.9572567	318.55238	-0.737766856
1958	806.895	25.92	14.115	6.4	229.5446912	317.9971163	318.5928791	
1959	806.81	25.87	14.11	6.3	229.4946912	317.9535316	318.5474441	-0.142917124
1960	806.66	25.865	14.1	6.3	229.6446912	317.9651231	318.5585885	
1961	806.56	25.87	14.075	6.35	229.9442975	317.9817145	318.5743963	0.21761713
1963	806.43	25.87	14.08	6.4	229.5946912	317.996374	318.5893926	0.384557085
1964	806.315	25.83	14.055	6.4	229.6446912	317.9668044	318.5575113	
1966	806.15	25.825	14.05	6.4	229.6446912	317.980098	318.5705834	
1967	806.035	25.83	14.035	6.4	229.8946912	317.9983907	318.5885277	
1969	805.88	25.79	14.03	6.4	229.4946912	317.9733352	318.5620459	
1970	805.745	25.77	14.02	6.4	229.3946912	317.9672966	318.5550363	
1971	805.67	25.75	13.995	6.5	230.6446912	317.9544869	318.5405711	-0.042020735
1972	805.6	25.75	14	6.6	231.0946912	317.9623881	318.548749	0.025919064
1973	805.47	25.67	13.96	6.4	232.3946912	317.8919583	318.4740628	-0.057774751
1974	805.41	25.71	13.9675	6.425	231.5931415	317.941285	318.5251118	2.589317861
1975	805.34	25.67	13.93	6.7	230.3946912	317.9066335	318.4876109	-0.015034806
1976	805.2325	25.71	13.9275	6.625	230.1716788	317.9613277	318.543652	0.319008546
1977	805.0966667	25.68333333	13.91	6.833333333	234.0609595	317.9482969	318.5291205	-0.009850933
1978	805.01	25.67	13.88	7.2	235.1946912	317.9438997	318.5231051	-0.001073188
1979	804.9333333	25.65	13.88666667	7.033333333	235.0610407	317.9312798	318.5101647	-0.014908266
1980	804.85	25.69	13.905	7	235.1946912	317.9832565	318.5643309	1.534842329
1981	804.73	25.64	13.9	6.9	236.0946912	317.9436117	318.5229097	-0.130098193
1982	804.64	25.635	13.865	7.15	236.4051831	317.9484618	318.5262189	0.002546582
1983	804.57	25.655	13.88	7.05	235.5422089	317.9776563	318.5567761	0.095799612
1985	804.38	25.56	13.83	7.1	236.3946912	317.8980328	318.4720749	-2.090895901
1986	804.33	25.64	13.86	7.3	238.8946912	317.9888249	318.5668352	0.07448575
1987	804.24	25.6	13.86	7	236.8946912	317.9564303	318.5331865	-0.011813364
1988	804.1133333	25.6	13.84333333	7.133333333	237.3586803	317.970754	318.5469365	0.026443675
1989	804.05	25.64	13.86	7.1	237.6946912	318.0204913	318.5987675	1.468959354
1991	803.8533333	25.56	13.82	7.133333333	235.7274012	317.9575868	318.5317102	-3.71668121
1995	803.5	25.52	13.81	7.2	239.8946912	317.9549862	318.5276966	-0.076840035
1996	803.41	25.56	13.82	7.1	239.1946912	318.0077567	318.5822984	0.173217826
1997	803.29	25.56	13.82	7	235.8946912	318.0213426	318.5959977	0.044595464
1998	803.2266667	25.51	13.8	7.1	239.428888	317.9752803	318.5475011	-0.151223657
1999	803.14	25.48	13.82	7.3	242.6946912	317.9531522	318.525287	-0.018163561
2000	803	25.45	13.82	7.2	242.6946912	317.9370626	318.5083335	-0.052833317
2001	802.97	25.56	13.82	7.1	237.5946912	318.0575845	318.6325421	0.395610154
2002	802.81	25.45	13.77	7.1	240.4946912	317.958581	318.527963	
2003	802.725	25.445	13.79	7.05	240.1393717	317.9628854	318.5330087	0.056538358
2004	802.67	25.45	13.785	7.05	242.0989467	317.9744409	318.5445744	
2005	802.5775	25.43	13.78	7.125	241.0653179	317.9636235	318.5329756	-0.063152442
2006	802.45	25.37	13.76	7.4	239.5946912	317.9141734	318.4808409	-0.021477291
2007	802.36	25.33	13.76	7.5	238.4946912	317.8817717	318.4472082	-0.106439577
2008	802.27	25.41	13.76	7.5	238.6946912	317.9771731	318.5453265	
2011	802	25.33	13.74	7.25	239.1953808	317.9225745	318.4875237	-0.086091052
2012	801.92	25.45	13.77	7.1	240.1946912	318.0594653	318.6296818	0.199780342
2013	801.86	25.37	13.75	7.2	239.7946912	317.9810563	318.5478621	-0.257539107
2014	801.77	25.45	13.74	7.3	238.4946912	318.0764825	318.6455972	0.31334905
2016	801.54	25.33	13.75	7.3	238.4946912	317.9747458	318.5405345	
2017	801.495	25.3325	13.7325	7.25	241.0161974	317.9825148	318.5477074	0.102084773
2018	801.405	25.295	13.735	7.15	241.8520347	317.9527764	318.5169254	-0.097702368
2020	801.2	25.315	13.74	7.15	241.8806995	317.9973497	318.562551	
2021	801.08	25.22	13.74	7.1	243.5946912	317.9097518	318.4719533	-1.151460805
2023	800.9133333	25.26	13.73	7.1	242.4749702	317.9712928	318.5345471	5.12663E+27
2025	800.75	25.22	13.71	6.8	241.6946912	317.9472166	318.5084957	-0.017582148
2026	800.6	25.26	13.73	6.9	241.9946912	318.0068794	318.5704247	0.196038477
2027	800.555	25.225	13.72	6.95	241.29613	317.974693	318.5367254	-0.423078347
2028	800.44	25.22	13.705	7.05	240.4436274	317.9824288	318.5437901	0.025421603
2030	800.2833333	25.17666667	13.7	7.066666667	240.5928036	317.9540466	318.5139361	-6.716422313
2032	800.08	25.15	13.69	7.1	240.5946912	317.9487317	318.5075333	-0.314460459
2033	799.99	25.19	13.67	7.2	239.9946912	318.0015975	318.5609648	0.173745852
2034	799.92	25.165	13.685	7.05	240.445755	317.9829085	318.542141	-0.027301039
2035	799.81	25.11	13.68	6.9	240.9946912	317.9367864	318.494131	-0.067387989
2036	799.71	25.15	13.67	6.9	240.2946912	317.9907966	318.5491227	
2037	799.6466667	25.12333333	13.66666667	7	241.530882	317.9695716	318.5269551	-0.069772436
2038	799.57	25.15	13.66	7.2	243.9946912	318.0067196	318.5647662	0.03052621
2039	799.425	25.11	13.66	7.15	243.5974884	317.9805704	318.5374539	-0.343854833
2040	799.35	25.11	13.65	7.2	243.6946912	317.9891029	318.5456476	0.112199503
2041	799.26	25.11	13.64	7.1	243.7946912	317.9993432	318.5555629	0.0336644
2042	799.21	25.07	13.64	7.2	244.3946912	317.9623849	318.5173581	-0.121513865
2043	799.07	25.11	13.63	7.2	244.2946912	318.0209666	318.576953	
2044	798.97	25.04	13.65	7.1	244.9946912	317.9577096	318.5123411	-0.208001545
2045	798.91	25.055	13.635	7.05	244.9776688	317.9805337	318.5350943	0.300185373
2046	798.83	25.09	13.64	7.05	245.5925635	318.0269628	318.5829307	
2047	798.7	25.07	13.645	6.95	242.7651967	318.0204385	318.576083	-0.021450985
2048	798.61	25.04	13.64	6.9	242.4946912	317.9986954	318.5532503	-0.285983347
2049	798.525	25.035	13.645	6.7	240.2946912	318.0030436	318.5577185	0.003574567
2050	798.435	25.02	13.64	6.7	239.7446912	317.9972976	318.551368	
2052	798.295	25.055	13.66	6.7	239.3446912	318.0505757	318.6067181	
2053	798.13	25	13.65	6.7	238.9946912	318.0107155	318.5648266	
2054	798.06	25.04	13.66	6.9	239.5946912	318.0613584	318.6172317	0.041630937
2056	797.9066667	25.01333333	13.65333333	6.8	239.5280245	318.0503924	318.6052738	-0.072123556
2057	797.8	24.93	13.65	6.7	240.4946912	317.973659	318.5258188	-0.252407363
2058	797.75	24.96	13.66	6.7	240.1946912	318.0113614	318.5649371	
2060	797.52	24.93	13.63	6.7	240.2946912	318.0055831	318.5571894	
2061	797.44	24.98	13.65	6.7	240.5946912	318.068051	318.6221497	
2062	797.37	24.93666667	13.63333333	6.733333333	240.7600378	318.029804	318.5818962	-1.132265369
2063	797.28	24.96	13.63	6.7	240.7946912	318.0649663	318.617756	1.040864413
2064	797.19	24.96	13.63	6.7	240.6946912	318.0752357	318.6281077	
2066	797	24.93	13.635	6.75	240.7428393	318.0649091	318.6171928	-0.271746826
2067	796.8933333	24.90333333	13.63666667	6.733333333	240.09766	318.0486291	318.6002211	-1.928027544
2069	796.74	24.89	13.645	6.8	240.0446912	318.0519049	318.6035457	0.048495954
2070	796.65	24.89	13.64	6.8	239.7946912	318.0621808	318.6137018	
2071	796.56	24.89	13.645	6.7	239.5946912	318.0724583	318.6242636	0.033811193
2072	796.455	24.855	13.645	6.75	239.2961727	318.047097	318.5978748	-0.333778299
2073	796.33	24.85	13.64	6.7	238.3946912	318.0560375	318.6065673	0.117667715
2074	796.2533333	24.84	13.62	6.6	238.1946912	318.0541221	318.6035944	-0.006302547
2075	796.145	24.815	13.62	6.7	238.4946912	318.0398149	318.5885864	-0.047080215
2076	796.11	24.78	13.63	6.8	239.2946912	318.0064553	318.5545431	-0.109788562
2078	795.9	24.81666667	13.62333333	6.8	238.8613579	318.0695909	318.6187729	
2080	795.74	24.82	13.63	6.8	239.5946912	318.0914389	318.6411422	
2081	795.6	24.76	13.625	6.8	239.4446912	318.0433915	318.5911032	
2082	795.55	24.725	13.62	6.7	238.9946912	318.0117422	318.5581829	-0.104179217
2084	795.3533333	24.74333333	13.59333333	6.766666667	238.3281887	318.0538038	318.5999356	0.623000113
2085	795.23	24.71	13.59	6.7	238.0946912	318.0323198	318.5773698	-0.159123886
2088	795.01	24.68	13.5675	6.65	236.7176246	318.0254533	318.5688487	-0.271268183
2089	794.87	24.67	13.545	6.65	235.9450671	318.0307936	318.5730977	
2091	794.71	24.635	13.535	6.5	236.6446912	318.0117277	318.5526707	-0.055802307
2092	794.62	24.635	13.535	6.55	236.8954545	318.0220286	318.5630524	0.135669462
2093	794.53	24.65	13.535	6.6	236.7446912	318.0483508	318.5899288	0.346662834
2094	794.4	24.6	13.54	6.6	236.6946912	318.009833	318.5501509	
2095	794.31	24.67	13.55	6.6	237.1946912	318.0949033	318.6379123	
2097	794.185	24.63	13.535	6.6	236.7052978	318.0664964	318.6077534	
2098	794.09	24.6	13.54	6.6	236.4946912	318.0453338	318.5859299	
2099	793.99	24.56	13.53	6.5	235.8946912	318.0140615	318.5530894	-0.102995324
2100	793.9	24.56	13.53	6.6	236.9946912	318.0243718	318.5634803	0.033956921
2101	793.77	24.6	13.54	6.6	237.1946912	318.0819985	318.6228821	
2102	793.68	24.58	13.53	6.7	238.0446912	318.0709475	318.6108824	-0.036394075
2103	793.59	24.565	13.52	6.8	239.5446912	318.0652383	318.6043831	-0.018802716
2106	793.355	24.545	13.525	6.75	241.0428393	318.0708119	318.6097379	0.220288392
2107	793.26	24.49	13.53	6.7	241.1946912	318.0229391	318.5604225	-0.63082243
2109	793.0833333	24.52666667	13.52	6.9	241.0860033	318.0823784	318.6207726	0.097892369
2110	792.98	24.56	13.52	6.9	241.9946912	318.1298523	318.6693869	
2111	792.85	24.49	13.52	6.95	240.191094	318.069965	318.6074175	-0.789138478
2112	792.765	24.49	13.52	6.65	242.0946912	318.0797183	318.6172467	0.003569986
2113	792.68	24.45	13.51	6.5	240.9946912	318.0467245	318.5826791	-0.048313286
2115	792.5	24.45	13.51	6.4	241.4946912	318.0673829	318.603498	0.136126355
