ALT	PRESS	TEMP	RH	SPEED	DIR	POTT	VIRPOT	Ri
1313	867.775	15.77	26.085	1.6	171.0946912	300.8798911	301.4276702	
1314	867.6746429	15.66678571	26.55392857	1.564285714	176.5129304	300.7823546	301.3365647	-2.595998001
1315	867.59375	15.62	26.6575	1.4875	176.5994237	300.7416503	301.2965032	-0.234407441
1316	867.43	16.63	25.24	3.1	163.1946912	301.8098148	302.3686074	0.013899992
1318	867.27	17.03	25.2	3.4	164.1946912	302.2423656	302.8141032	0.324789326
1320	867.09	17.735	25.105	4.1	167.2190786	302.9946591	303.5891924	0.10350111
1321	866.97	18.32	25.06	4.9	163.7609821	303.6160298	304.2308853	0.032660477
1323	866.755	19.225	25.035	5.3	155.2446912	304.5803466	305.2290533	0.40423671
1324	866.67	19.68	25.02	5.3	151.0946912	305.0628976	305.7291654	
1326	866.46	20.025	25.015	5.65	150.5460186	305.4434792	306.123671	0.207807677
1327	866.36	20.28	25.01	5.8	150.7946912	305.7192414	306.409801	0.409538565
1328	866.25	20.535	25	6.25	149.6386911	305.9960333	306.6969745	0.045634545
1329	866.12	20.76	24.99	6	145.8946912	306.24361	306.9538307	0.132148667
1331	865.99	20.8	24.98	6.1	142.6946912	306.2984377	307.0102006	0.365766949
1332	865.84	20.935	24.98	6.2	139.7946912	306.4542914	307.1719369	0.519627153
1333	865.75	20.93	24.97	6.2	137.8946912	306.4581917	307.1754351	
1334	865.67	21.215	24.97	6.35	136.1372102	306.7632967	307.4928371	0.451677381
1335	865.55	21.5	24.97	6.6	134.0946912	307.0724736	307.8145481	0.164614706
1336	865.45	21.72	24.96	6.8	132.8946912	307.3119036	308.0634949	0.199038071
1337	865.32	21.75	24.96	6.9	131.2946912	307.3563743	308.1094458	0.147858758
1338	865.23	22.08	24.96	7	128.4946912	307.7094668	308.4774391	1.172671645
1339	865.18	21.94	24.96	6.9	129.7946912	307.5686324	308.3303524	-0.467953451
1340	865.065	22.365	24.96	7.1	127.0946912	308.0233157	308.8044763	0.377153499
1341	864.94	22.53	24.96	7.2	126.5946912	308.2080365	308.996962	0.612551333
1344	864.7033333	22.74333333	24.97	7.2	126.1280239	308.4545493	309.2540305	
1345	864.58	22.87	24.97	7.2	124.8946912	308.5991826	309.40478	
1346	864.49	22.87	24.97	7.2	124.1946912	308.6083707	309.4140783	
1348	864.2566667	22.89666667	24.98	7.1	123.5946897	308.6600003	309.4675789	0.341993165
1350	864.11	22.91	24.98	7.1	125.1946912	308.6888849	309.4972755	
1351	864.005	23	24.98	7.05	125.0961096	308.7934558	309.6062541	1.384866994
1352	863.86	22.91	24.99	7	123.2946912	308.7144318	309.5234535	-1.046858368
1354	863.7	22.99	24.99	7.05	120.8989467	308.8142107	309.6272348	2.642899134
1355	863.61	22.95	24.99	7.1	119.2946912	308.7817014	309.5929318	-0.430603698
1356	863.52	22.99	24.99	7.1	119.4946912	308.8326197	309.6458665	
1357	863.34	23.02	24.99	7.1	120.1946912	308.8823214	309.697223	
1358	863.27	22.97	24.995	6.95	122.2385756	308.837337	309.6501022	-0.066200401
1359	863.18	23.02	25	7	124.3946912	308.8986952	309.7141214	0.812531892
1360	863.08	23.02	25	7.05	125.8989467	308.9089309	309.7244813	0.135545874
1361	862.93	23.02	25.01	7	127.2946912	308.924287	309.74035	0.203352644
1362	862.91	22.98	25.01	7.1	126.9946912	308.8846119	309.698788	-0.131366455
1363	862.73	23.02	25.01	7.1	126.2946912	308.9447674	309.7610789	
1365	862.595	23.04	25.02	7.1	124.6946912	308.9794586	309.7972227	
1366	862.43	22.99	25.03	7.1	121.6946912	308.9442022	309.7601035	
1367	862.39	23.06	25.03	7.1	119.1946912	309.021328	309.8406344	
1368	862.26	23.025	25.04	7.1	117.2446912	308.998137	309.8162528	
1369	862.19	23.1	25.05	7.1	115.6946912	309.0835604	309.9056966	
1370	862.1	23.12	25.075	7.1	115.2946912	309.1136557	309.9376904	
1371	861.99	23.14	25.09	7.1	116.9946912	309.1458045	309.9714375	
1372	861.85	23.18	25.11	7	118.6946912	309.2019035	310.0303101	0.185621804
1374	861.685	23.24	25.13	7.05	120.2954004	309.2814453	310.1136398	2.105092914
1375	861.565	23.315	25.17	7.05	119.2982374	309.3720306	310.2093713	
1377	861.37	23.37	25.2	7	117.5946912	309.4494572	310.2907494	2.048214629
1378	861.295	23.45	25.235	7	114.8946912	309.540654	310.3871644	
1380	861.095	23.63	25.295	7	110.2446912	309.7490811	310.6068442	
1382	860.89	23.79	25.37	7.05	106.7400811	309.9371771	310.8058351	4.968787435
1383	860.78	23.93	25.41	7.1	106.4946912	310.094637	310.971952	2.078769338
1384	860.69	24	25.44	7.1	106.5946912	310.1769792	311.0590462	
1385	860.57	24.04	25.47	7	106.6946912	310.2311038	311.1164364	0.178570986
1386	860.51	24.13	25.51	7.1	107.5446912	310.3312414	311.2227121	0.330279235
1388	860.345	24.21	25.57	7.1	107.9946912	310.4317788	311.3297493	
1389	860.175	24.39	25.64	7.1	108.0946912	310.6372473	311.5474037	
1391	860.02	24.53	25.72	7	108.2446912	310.7994284	311.7201131	1.068392261
1392	859.895	24.68	25.765	6.9	108.9946912	310.9689671	311.8995224	0.558149683
1394	859.695	24.8	25.815	6.8	109.6946912	311.1149573	312.054132	0.960861565
1396	859.51	24.97	25.865	6.85	109.7450561	311.3116301	312.2622307	5.174801993
1398	859.36	24.99	25.89	6.8	109.3946912	311.3480561	312.3009	0.958365081
1399	859.25	25.03	25.9	6.8	108.9446912	311.4012289	312.3568178	
1401	859.05	25.12	25.92	6.7	108.2946912	311.5159584	312.4775877	0.754303668
1403	858.855	25.14	25.925	6.7	108.2446912	311.5570746	312.520294	
1404	858.77	25.16	25.94	6.8	108.0946912	311.5867841	312.5518054	0.097651285
1405	858.61	25.12	25.94	6.9	108.8946912	311.5616066	312.5246276	-0.082766138
1406	858.535	25.14	25.94	6.9	109.0033872	311.5902823	312.5545322	
1407	858.47	25.2	25.94	6.8	109.9946912	311.6597063	312.6274144	0.228157247
1408	858.32	25.18	25.935	6.8	111.5446912	311.6543891	312.6210116	
1409	858.21	25.16	25.93	6.8	113.7946912	311.6449192	312.6103978	
1410	858.12	25.16	25.94	6.8	114.5946912	311.6542669	312.6202513	
1411	858.02	25.14	25.94	6.8	116.0446912	311.6437593	312.6087718	
1412	857.94	25.16	25.94	6.8	117.5946912	311.672966	312.6392175	
1414	857.74	25.18	25.935	6.8	118.6446912	311.714646	312.6821298	
1416	857.53	25.16	25.94	6.6	118.6946912	311.7155774	312.6824376	0.001530647
1417	857.46	25.14	25.935	6.6	118.1946912	311.7019558	312.6676126	
1418	857.37	25.115	25.925	6.75	118.3946912	311.6851881	312.6492068	-0.024498447
1420	857.155	25.115	25.925	6.8	118.9946912	311.7075465	312.6718838	0.588002383
1422	856.95	25.07	25.93	6.8	119.8946912	311.681839	312.6441501	
1423	856.86	25.12	25.925	6.8	119.7446912	311.7434602	312.7085148	
1424	856.77	25.12	25.93	6.8	120.4946912	311.7528256	312.7181999	
1425	856.66	25.12	25.92	6.7	120.8446912	311.7642739	312.7294392	0.037634226
1427	856.46	25.12	25.93	6.7	121.0946912	311.7850938	312.7509285	
1428	856.42	25.03	25.92	6.7	120.9946912	311.6951792	312.655671	
1429	856.2833333	25.05666667	25.92666667	6.6	121.8860943	311.7372833	312.6997126	0.138438571
1430	856.15	25.12	25.93	6.6	122.0946912	311.817377	312.7836725	
1432	855.97	25.115	25.92	6.5	123.5446912	311.8309016	312.7968118	0.088920624
1434	855.805	25.12	25.92	6.5	123.7446912	311.8533225	312.8197584	
1436	855.6	25.115	25.91	6.55	123.7939278	311.8694627	312.8355504	0.424469341
1437	855.52	25.07	25.9	6.5	124.2946912	311.8307492	312.7940641	-0.509138238
1438	855.43	25.16	25.9	6.4	123.8946912	311.9342423	312.9027353	0.340168648
1439	855.32	25.12	25.89	6.4	122.0446912	311.9038869	312.8699255	
1441	855.1	25.09	25.88333333	6.166666667	119.7946912	311.8954624	312.8598992	-0.010174304
1443	854.89	25.03	25.88	6.4	117.2946912	311.8546202	312.8158914	-0.049335286
1444	854.85	25.07	25.87	6.3	118.3946912	311.9006285	312.8638212	0.151268987
1445	854.71	25.01	25.865	6.6	116.6977215	311.8524836	312.8123491	-0.017591733
1446	854.59	24.99	25.86	6.8	118.3946912	311.8440876	312.8028311	-0.006903127
1449	854.3433333	25.00333333	25.86	6.666666667	119.4836837	311.8837825	312.8436335	0.220287405
1451	854.1533333	25.01666667	25.85333333	6.433333333	119.7615306	311.9175707	312.8781987	0.040816188
1453	853.93	24.97	25.86	6.4	121.5446912	311.8920776	312.8506835	-1.509224443
1454	853.82	24.99	25.84	6.35	123.8915415	311.9244935	312.8836339	0.426430986
1456	853.655	25.03	25.81	6.25	124.2434912	311.9835873	312.944086	0.388636416
1457	853.56	25.03	25.79	6.2	123.2946912	311.9935177	312.9534129	0.130617087
1458	853.43	24.95	25.78	6.3	124.1946912	311.9233993	312.8786672	-0.230632388
1459	853.32	24.99	25.77	6.1	126.0799359	311.9767551	312.9340356	0.043868416
1461	853.165	24.97	25.75	5.8	127.6446912	311.9720352	312.9276911	-0.00344974
1462	853.03	24.95	25.75	6	129.0946912	311.9652244	312.9199701	-0.005600438
1463	852.93	24.99	25.75	6.1	129.1946912	312.0175465	312.9746603	0.172074087
1464	852.84	24.95	25.75	6	128.3946912	311.9851002	312.940126	-0.106722078
1465	852.76	24.99	25.75	6	126.7946912	312.0353349	312.9927	
1466	852.69	24.95	25.73	6.1	124.6946912	312.0007956	312.9553008	-0.113606223
1467	852.61	24.99	25.75	6.1	125.9946912	312.0510343	313.0086214	
1468	852.53	24.95	25.72	6	121.6946912	312.0175413	312.9719115	-0.110164829
1469	852.43	24.95	25.73	5.6	118.2946912	312.0280094	312.9828982	0.002151972
1470	852.3	24.93	25.715	5.4	113.3946912	312.0206849	312.9741006	-0.006023288
1471	852.21	24.95	25.71	5.4	111.8946912	312.0510448	313.0055158	
1472	852.12	24.87	25.72	5.6	110.0946912	311.976724	312.9272715	-0.061130103
1473	852.04	24.87	25.72	5.7	109.3946912	311.9851013	312.9357663	0.027561873
1474	851.9	24.91	25.71	6	113.1721988	312.0416405	312.994353	0.020665873
1475	851.76	24.91	25.72	6.2	115.9946912	312.0563082	313.0095976	0.012062768
1476	851.71	24.86	25.72	6.2	115.3946912	312.0091986	312.9597963	
1477	851.63	24.87	25.72	6.1	115.4946912	312.0280508	312.9793187	0.062025162
1478	851.515	24.78	25.715	6.1	117.1946912	311.9458685	312.8921582	
1479	851.39	24.82	25.7	6.1	119.8946912	312.00085	312.9489723	
1480	851.35	24.78	25.71	6	123.0946912	311.9631583	312.9095055	-0.124045596
1481	851.195	24.82	25.705	6.1	126.9446912	312.0212905	312.9698835	0.191291109
1482	851.13	24.78	25.71	6	131.7946912	311.9862181	312.9328875	-0.115425438
1483	851	24.74	25.71	5.8	133.6946912	311.957959	312.9026195	-0.023253779
1484	850.97	24.74	25.69	5.7	134.7946912	311.9611043	312.9050738	0.010352806
1485	850.86	24.78	25.68	5.4	137.3946912	312.0145293	312.9604893	0.019536119
1486	850.77	24.78	25.66	5.4	139.5946912	312.0239689	312.9693239	
1487	850.625	24.74	25.66	5.4	137.1946912	311.997286	312.9406569	
1489	850.46	24.78	25.65	5.3	133.8946912	312.056493	313.0019333	0.389707942
1490	850.37	24.78	25.64	5.6	132.8946912	312.0659384	313.0111418	0.003453911
1491	850.24	24.78	25.615	6	130.1388578	312.0795839	313.0240559	0.002806769
1492	850.13	24.78	25.56	5.8	127.4946912	312.0911322	313.0337369	0.009501559
1493	850.04	24.76	25.57	5.75	127.8555608	312.0796313	313.0216403	-0.151411348
1495	849.86	24.7	25.545	5.2	127.2475758	312.0356761	312.9737482	-0.009566814
1496	849.75	24.7	25.54	5.1	129.5946912	312.0472279	312.9852763	0.038027982
1498	849.57	24.72	25.54	5.15	133.083039	312.0870897	313.0264918	1.049711939
1499	849.43	24.66	25.55	5.1	135.5946912	312.0389331	312.9756326	-0.634200583
1500	849.365	24.66	25.54	5.15	135.8937203	312.0457626	312.9821898	0.089940675
1501	849.26	24.7	25.55	5.2	136.4946912	312.0987096	313.0378384	0.697194781
1502	849.17	24.66	25.54	5.3	139.3946912	312.0662547	313.0029652	-0.106853963
1503	849.11	24.61	25.54	5.3	141.8946912	312.0201667	312.9542433	
1504	848.98	24.66	25.55	5.4	143.4946912	312.0862273	313.0235808	0.217497301
1506	848.805	24.64	25.545	5.75	142.7346898	312.0836682	313.0200027	-0.00137567
1507	848.72	24.57	25.54	5.8	138.4946912	312.0192449	312.9517139	-0.848682999
1508	848.575	24.66	25.52	5.5	133.5265514	312.1288196	313.065661	0.040084731
1510	848.425	24.62	25.51	5.2	127.5946912	312.1026763	313.0371914	-0.019130144
1511	848.27	24.62	25.5	5.3	120.6946912	312.1189851	313.0533587	0.053702116
1512	848.22	24.57	25.51	5.4	124.3946912	312.0718366	313.0039334	-0.15527787
1513	848.12	24.62	25.49	5.4	125.0845247	312.1347718	313.0689966	
1514	847.99	24.6	25.475	5.55	130.9550529	312.127491	313.0602684	-0.010656053
1516	847.82	24.53	25.48	5.6	133.0946912	312.0720049	313.0014176	-1.462093791
1517	847.7	24.58	25.48	5.7	132.0946912	312.1370583	313.0693534	0.214238568
1518	847.625	24.535	25.485	5.6	131.4946912	312.0977785	313.0279259	-0.129378566
1519	847.51	24.57	25.49	5.7	132.0946912	312.1465855	313.0789791	0.160740067
1520	847.42	24.53	25.48	5.7	133.9946912	312.1141269	313.0441174	
1521	847.38	24.53	25.47	5.6	137.9946912	312.1183405	313.0480238	0.013878882
1523	847.1366667	24.51666667	25.46333333	5.3	137.5953204	312.1299975	313.0590677	0.008532914
1525	846.97	24.53	25.45	5.4	137.8946912	312.1615447	313.0910902	0.207821482
1526	846.865	24.47	25.445	5.4	140.1946912	312.1096923	313.0359656	
1527	846.76	24.49	25.45	5.4	140.0946912	312.1417352	313.0694215	
1528	846.645	24.41	25.445	5.25	139.248977	312.0699595	312.9933177	-0.105116374
1530	846.47	24.49	25.44	5.2	138.6946912	312.1723161	313.1000563	2.697521538
1531	846.34	24.41	25.44	5.2	138.5946912	312.1021195	313.0257343	
1533	846.19	24.45	25.43	5.133333333	138.597937	312.1598986	313.0855197	0.856643104
1534	846.07	24.43	25.42	5.15	138.9490602	312.1515807	313.0759334	-0.986639257
1535	845.99	24.45	25.42	5.2	139.2946912	312.1810027	313.1065479	0.387747736
1537	845.77	24.45	25.41	5.2	139.1613579	312.2042249	313.1297228	
1539	845.57	24.41	25.42	5.1	139.6946912	312.1833769	313.1073723	-0.137394547
1540	845.53	24.41	25.41	5.2	140.7946912	312.1876007	313.1112901	0.013917942
1541	845.4	24.33	25.41	5.2	142.7946912	312.1173933	313.0369738	
1542	845.35	24.37	25.42	5.2	141.6946912	312.1646419	313.0868026	
1543	845.1766667	24.35666667	25.41333333	5.2	144.2613547	312.16896	313.0904117	
1544	845.08	24.33	25.41	5.3	144.9946912	312.1511902	313.0712292	-0.05856977
1545	845	24.33	25.41	5.2	146.7946912	312.1596421	313.0797957	0.027857487
1547	844.82	24.41	25.41	5.2	148.8946912	312.2626152	313.1873269	
1548	844.73	24.37	25.4	5.3	150.1946912	312.2301522	313.152478	-0.106985007
1549	844.64	24.41	25.41	5.3	150.4946912	312.2816459	313.2066171	
1550	844.55	24.37	25.41	5.3	150.0946912	312.2491829	313.1721307	
1551	844.39	24.33	25.41	5.2	151.2946912	312.2241209	313.1451499	-0.082605226
1552	844.365	24.31	25.415	5.2	151.7446912	312.2057735	313.1259464	
1553	844.21	24.37	25.42	5.2	151.9946912	312.285144	313.2089447	
1554	844.15	24.29	25.41	5.2	149.7946912	312.2075202	313.1267485	
1555	844.02	24.37	25.41	5.2	147.1946912	312.3052481	313.2289591	
1556	843.93	24.33	25.41	5.3	144.4946912	312.272784	313.1944739	-0.107002871
1557	843.84	24.33	25.41	5.3	142.5946912	312.282309	313.2041284	
1558	843.765	24.37	25.41	5.15	142.9908076	312.3322391	313.2563176	0.073132996
1559	843.64	24.33	25.41	5.1	141.4946912	312.3034804	313.2255875	-0.379158464
1560	843.57	24.37	25.42	5.1	141.4946912	312.3528861	313.2776097	
1561	843.51	24.37	25.4	5.1	141.1946912	312.3592404	313.2833229	
1562	843.37	24.33	25.4	5.15	141.1471184	312.332072	313.2542048	-0.358191094
1564	843.21	24.33	25.4	5.2	141.9946912	312.3490208	313.2713839	0.44690964
1565	843.12	24.33	25.39	5.3	142.9946912	312.3585563	313.2806859	0.031429325
1566	843.02	24.33	25.395	5.4	144.4446912	312.3691528	313.291608	0.034926533
1567	842.89	24.35	25.395	5.3	148.9446912	312.4039325	313.327651	0.114627467
1568	842.75	24.33	25.4	5.3	152.2946912	312.3977715	313.3207975	
1569	842.73	24.25	25.41	5.3	153.8946912	312.3158795	313.2350019	
1570	842.615	24.29	25.405	5.4	158.4946912	312.3700778	313.2913301	0.178663793
1571	842.52	24.33	25.4	5.4	155.9946912	312.4221596	313.3455175	
1573	842.31	24.27	25.405	5.25	161.2394529	312.3814163	313.3020339	-0.119394285
1574	842.22	24.29	25.4	5.3	164.6946912	312.4119697	313.3336095	0.402874709
1576	842.015	24.33	25.4	5.25	166.948977	312.4757377	313.3998248	1.68145328
1577	841.96	24.27	25.385	5.25	168.1546923	312.4185497	313.338946	
1578	841.86	24.33	25.37	5.4	169.7946912	312.4921907	313.4154101	0.107877075
1580	841.635	24.37	25.36	5.45	168.098361	312.558103	313.4834377	1.737762569
1581	841.54	24.29	25.34	5.4	167.5946912	312.4841474	313.4045884	-0.975173224
1582	841.48	24.33	25.33	5.5	166.2946912	312.5325436	313.4548555	0.159515822
1583	841.33	24.37	25.33	5.5	167.2946912	312.590505	313.5151863	
1584	841.255	24.33	25.295	5.55	168.4946912	312.5564479	313.4778098	-0.449013579
1586	841.05	24.33	25.25	5.45	168.7974435	312.5782345	313.4982525	0.14361906
1587	840.95	24.31	25.22	5.3	169.1446912	312.5678486	313.4858467	-0.015215347
1589	840.79	24.33	25.21	5.3	168.8946912	312.6058759	313.5248105	
1590	840.665	24.31	25.225	5.3	167.4946912	312.5981514	313.5167413	
1591	840.56	24.25	25.23	5.3	167.0946912	312.5462629	313.4619775	
1592	840.52	24.29	25.22	5.3	168.0946912	312.5925545	313.5101007	
1593	840.43	24.29	25.21	5.3	168.1946912	312.602128	313.5194397	
1594	840.29	24.33	25.2	5.2	168.5446912	312.6590638	313.5783536	0.187662676
1595	840.16	24.29	25.18	5.2	168.3946912	312.6308563	313.5474641	
1596	840.08	24.27	25.16	5.25	168.796596	312.6183488	313.533276	-0.164933646
1597	840	24.27	25.15	5.35	170.7470276	312.6268634	313.5415416	0.028069852
1600	839.7266667	24.23666667	25.14333333	5.366666667	172.8207648	312.6209229	313.5339744	-2.115292126
1602	839.52	24.21	25.15	5.3	175.6946912	312.6148964	313.5270664	-0.089422886
1603	839.415	24.19	25.13	5.25	177.8394529	312.6050531	313.5155851	-0.129836299
1604	839.3	24.21	25.09	5.1	177.0946912	312.6383301	313.548638	0.048767275
1605	839.26	24.21	25.12	5.2	178.7946912	312.6425916	313.5540451	0.014051794
1606	839.13	24.25	25.075	5.05	175.2412258	312.698501	313.6106324	0.081924046
1608	838.97	24.21	25.07	5	176.1946912	312.6734954	313.5835487	-0.659620932
1609	838.855	24.21	25.065	5	176.6446912	312.6857542	313.5957903	
1610	838.75	24.17	25.06	4.8	176.3946912	312.6548858	313.5627697	-0.025449589
1611	838.645	24.23	25.06	4.9	178.4446912	312.7291775	313.6403942	0.244950829
1613	838.45	24.13	25.05	4.8	177.6946912	312.6448088	313.5506417	-0.556539208
1614	838.375	24.19	25.06	4.9	177.8446912	312.7159102	313.6253891	0.234463227
1616	838.16	24.19	25.04	4.8	175.5092752	312.7388503	313.6479103	0.151294209
1617	838.08	24.21	25.04	4.7	174.1946912	312.768424	313.6786594	0.097515357
1618	838	24.13	25.04	4.8	173.3946912	312.6928156	313.598927	-0.249375894
1619	837.9	24.09	25.04	4.9	172.6946912	312.6614129	313.565554	-0.103587738
1620	837.77	24.13	25.035	4.9	170.6446912	312.7173652	313.6236232	
1622	837.59	24.17	25.03	4.8	170.7946912	312.7786637	313.6871145	0.404301872
1623	837.54	24.17	25.03	4.8	170.7946912	312.7840039	313.6925261	
1624	837.41	24.13	25.03	4.85	169.6410829	312.755808	313.6623979	-0.371988493
1625	837.32	24.13	25.03	4.85	169.0482995	312.7654221	313.6721402	
1627	837.14	24.13	25.03	4.8	167.9446912	312.7846541	313.6916289	0.507457957
1628	837.05	24.07	25.03	4.8	168.5946912	312.7311409	313.6350736	
1630	836.85	24.03	25.025	4.8	168.1946912	312.7104243	313.6123524	
1631	836.78	24.05	25.03	4.8	168.0946912	312.7389514	313.6422131	
1632	836.61	24.01	25.03	4.8	167.7946912	312.7150313	313.6164273	
1633	836.52	24.01	25.03	4.8	167.6946912	312.7246532	313.6261769	
1634	836.46	24.05	25.02	4.7	168.3946912	312.7731646	313.6765201	0.160045936
1635	836.37	24.03	25.02	4.55	169.2924934	312.7617415	313.6641708	-0.016750724
1636	836.25	24.01	25.02	4.5	170.6946912	312.7535272	313.6550737	-0.108415262
1637	836.2	23.96	25.02	4.5	171.4946912	312.7062508	313.6052399	
1638	836.05	23.97	25.02	4.5	172.7446912	312.7328211	313.6325477	
1639	835.96	24.01	25.01	4.4	173.6946912	312.7845533	313.686151	0.170694705
1641	835.795	23.97	25.01	4.4	174.8446912	312.7601066	313.6598348	
1642	835.69	24.01	25.01	4.4	175.0946912	312.8134521	313.7154333	
1643	835.62	23.95	25.01	4.4	175.3946912	312.7577842	313.6567099	
1644	835.53	24.01	25.01	4.3	174.5946912	312.8305829	313.7327915	0.240205803
1645	835.38	23.93	25.01	4.4	173.9946912	312.7624239	313.6606397	-0.224957203
1646	835.295	23.93	25.01	4.4	172.7446912	312.7715261	313.6698623	
1647	835.2	23.93	25.01	4.3	172.1946912	312.7817004	313.6801711	0.033580007
1648	835.12	23.93	25.02	4.4	171.7946912	312.7902695	313.6892127	0.028281991
1649	835.02	23.93	25.02	4.4	172.1946912	312.8009823	313.7000672	
1650	834.94	24.01	25.02	4.4	171.3946912	312.8937895	313.7971985	
1651	834.85	23.97	25.02	4.4	171.9946912	312.8613171	313.7627464	
1652	834.75	23.97	25.02	4.4	172.9946912	312.8720358	313.7736073	
1653	834.64	23.97	25.025	4.3	174.2946912	312.8838283	313.7857364	0.038915712
1654	834.53	24.01	25.04	4.2	175.4946912	312.9377466	313.8424626	0.177907983
1655	834.44	24.01	25.04	4.2	175.8946912	312.9473994	313.8522438	
1656	834.35	24.05	25.04	4.3	175.7946912	312.99918	313.9062687	0.170831484
1657	834.255	24.025	25.04	4.3	175.5946912	312.9830435	313.8889451	
1658	834.13	23.96	25.04	4.2	175.1946912	312.9279963	313.8306441	-0.18166349
1660	833.985	23.97	25.04	4.2	174.9946912	312.9540887	313.8574705	
1661	833.84	24.05	25.04	4.2	174.2946912	313.0539196	313.9617388	
1662	833.805	23.99	25.035	4.2	174.2946912	312.9944764	313.8989903	
1663	833.68	23.97	25.03	4.2	174.4446912	312.9868296	313.8902855	
1665	833.46	23.95	25.03	4.2	174.1946912	312.9893858	313.8921006	
1666	833.39	24.01	25.03	4.2	173.7946912	313.0601148	313.9660984	
1667	833.28	23.93	25.025	4.2	173.5946912	312.98765	313.8893871	
1668	833.17	23.89	25.03	4.2	173.1946912	312.9573241	313.8572927	
1669	833.08	23.97	25.03	4.2	172.9946912	313.0512828	313.9555955	
1671	832.9	23.89	25.03	4.3	172.7946912	312.9863357	313.8866884	-0.42877022
1672	832.81	23.89	25.02	4.3	172.5946912	312.9960091	313.8961301	
1673	832.72	23.89	25.02	4.3	172.1946912	313.0056835	313.9059326	
1674	832.64	23.93	25.02	4.3	172.0446912	313.0564354	313.9589047	
1675	832.55	23.85	25.02	4.3	171.9946912	312.9818089	313.8801977	
1676	832.44	23.89	25.02	4.3	172.0946912	313.0357908	313.9364384	
1677	832.32	23.81	25.02	4.3	172.0946912	312.9643864	313.8610034	
1678	832.23	23.81	25.02	4.3	172.1946912	312.9740656	313.8708103	
1679	832.165	23.81	25.015	4.3	172.6446912	312.9810571	313.8777148	
1680	832.05	23.81	25.01	4.3	172.9946912	312.9934283	313.8900697	
1681	831.93	23.79	25.01	4.3	172.9946912	312.9852589	313.8810228	
1682	831.87	23.77	25.01	4.2	172.8946912	312.970634	313.8654361	-0.048295152
1684	831.64	23.77	25.01	4.2	172.4946912	312.9953865	313.8905143	
1685	831.57	23.77	25.01	4.2	172.0946912	313.0029221	313.8981491	
1686	831.51	23.73	25.005	4.2	171.6946912	312.9672134	313.8602554	
1687	831.38	23.73	25	4.2	171.4946912	312.9812088	313.874256	
1690	831.1166667	23.73	25	4.2	171.5613578	313.0095668	313.9029864	
1691	831.02	23.77	25	4.2	172.0946912	313.0621545	313.9578032	
1692	830.95	23.69	25	4.1	172.3946912	312.9853456	313.876913	-0.253710695
1693	830.815	23.73	25	4.1	172.8446912	313.0420676	313.9359141	
1695	830.63	23.67	25	4.1	172.9946912	312.9987362	313.8897127	
1696	830.53	23.69	25	4.1	173.0946912	313.0306047	313.9227655	
1698	830.3333333	23.63666667	25	4.1	172.8280245	312.9955615	313.8852205	
1700	830.11	23.69	25	4.1	172.4946912	313.0758932	313.9686481	
1701	830.07	23.61	25	4	172.4946912	312.9958311	313.8844739	-0.26452769
1702	829.93	23.63	25	4.1	172.1946912	313.0320259	313.9219067	0.119580734
1704	829.75	23.59	25	4.1	172.3946912	313.0092527	313.8973066	
1705	829.7	23.65	25	4.1	172.1946912	313.077938	313.9691858	
1706	829.61	23.65	25	4.1	172.0946912	313.0876514	313.9790264	
1707	829.48	23.57	25	4.1	171.9446912	313.0172902	313.9046853	
1709	829.27	23.63	25	4.1	171.6946912	313.1032587	313.9940717	
1710	829.18	23.53	25	4.1	171.4446912	313.0074745	313.8932159	
1711	829.08	23.53	25	4.1	171.2946912	313.0182715	313.9041534	
1712	828.98	23.53	25.01	4.1	171.4946912	313.0290702	313.9154472	
1714	828.805	23.57	25.005	4	171.1446912	313.0901789	313.9787028	0.403864279
1715	828.71	23.57	25	4	170.4946912	313.1004435	313.9889238	
1717	828.57	23.57	25	4	170.0946912	313.1155728	314.0042506	
1718	828.415	23.57	25	4	170.5946912	313.1323271	314.0212237	
1719	828.34	23.57	25	4	171.8946912	313.1404354	314.0294379	
1720	828.21	23.61	25	4	172.3946912	313.1967076	314.0879777	
1721	828.18	23.57	24.99	4	172.7946912	313.1577364	314.0466092	
1722	828.06	23.57	24.99	4	173.5446912	313.1707151	314.0597574	
1723	827.94	23.53	24.99	4	174.1946912	313.1414765	314.0286088	
1725	827.75	23.53	24.99	4.066666667	175.56764	313.162032	314.0494323	0.305704886
1726	827.67	23.49	24.98	4.1	177.4946912	313.1284652	314.0135481	-0.998555584
1727	827.54	23.51	24.985	4.1	178.5946912	313.1636454	314.0501259	
1728	827.49	23.49	24.98	4.1	179.7946912	313.1479441	314.0332803	
1730	827.265	23.53	24.98	4.1	181.1446912	313.2145296	314.1022592	
1732	827.11	23.55	24.98	4.15	182.6489081	313.2524313	314.1414201	1.002029783
1733	826.995	23.49	24.98	4.2	184.2446912	313.2015393	314.0875729	-0.672866956
1734	826.89	23.51	24.97	4.2	185.7946912	313.2340307	314.1208955	
1736	826.69	23.49	24.97	4.2	187.3946912	313.234583	314.1206919	
1737	826.6	23.49	24.97	4.2	187.5946912	313.2443366	314.1305724	
1739	826.435	23.47	24.97	4.2	187.4946912	313.241101	314.126532	
1740	826.36	23.53	24.97	4.2	188.2946912	313.3125955	314.2012488	
1741	826.22	23.49	24.97	4.2	188.4946912	313.2855336	314.1723059	
1742	826.19	23.45	24.97	4.2	187.8946912	313.2465421	314.1312818	
1743	826.05	23.53	24.97	4.2	188.1946912	313.3462188	314.235311	
1744	826	23.45	24.97	4.2	188.8946912	313.2671479	314.1521554	
1745	825.8833333	23.43666667	24.97	4.2	188.8613581	313.2657205	314.1502015	
1746	825.74	23.45	24.96	4.2	188.5946912	313.2953553	314.1803749	
1747	825.64	23.41	24.96	4.2	188.0946912	313.2639543	314.1470434	
1748	825.55	23.41	24.96	4.2	186.6946912	313.2737212	314.156937	
1749	825.52	23.41	24.96	4.2	187.2946912	313.2769772	314.1602352	
1750	825.37	23.41	24.96	4.2	186.0946912	313.2932592	314.1767285	
1751	825.33	23.39	24.96	4.2	185.7446912	313.2764729	314.1589639	
1752	825.24	23.45	24.96	4.2	185.5946912	313.3496323	314.2353575	
1753	825.15	23.41	24.96	4.2	185.1946912	313.3171464	314.2009256	
1754	825.06	23.37	24.96	4.2	184.3946912	313.2846593	314.1664963	
1755	824.91	23.37	24.96	4.2	183.3946912	313.3009508	314.1829988	
1756	824.825	23.39	24.96	4.2	181.9446912	313.3313168	314.2145188	
1757	824.7	23.45	24.96	4.2	181.4946912	313.4082989	314.2947874	
1758	824.65	23.37	24.96	4.2	181.4946912	313.3291985	314.2116124	
1759	824.53	23.45	24.96	4.3	181.4946912	313.4267784	314.3135074	0.322580904
1760	824.43	23.37	24.96	4.3	181.4946912	313.3531093	314.2358331	
1761	824.33	23.45	24.96	4.3	182.1946912	313.448525	314.3355371	
1762	824.245	23.37	24.96	4.35	183.0464153	313.3732225	314.256207	-0.996012859
1764	824.06	23.37	24.96	4.4	183.7946912	313.3933415	314.2765868	0.532220164
1765	824.01	23.33	24.96	4.4	183.9946912	313.3565031	314.2377508	
1766	823.9	23.43	24.96	4.4	183.6446912	313.474164	314.3607461	
1767	823.77	23.35666667	24.96	4.466666667	183.25887	313.4107975	314.2937619	-0.471473228
1769	823.56	23.37	24.96	4.45	182.5430058	313.4477462	314.3316971	8.796828197
1770	823.49	23.33	24.96	4.5	182.2946912	313.4130817	314.2950616	-0.458562868
1771	823.42	23.33	24.96	4.4	182.3946912	313.4207015	314.3027801	0.0252
1772	823.34	23.33	24.96	4.4	182.8946912	313.4294109	314.3116023	
1774	823.16	23.33	24.96	4.4	183.2946912	313.4490111	314.3314563	
1775	823.02	23.29	24.96	4.4	183.1946912	313.4219681	314.3025437	
1776	822.96	23.33	24.96	4.4	183.0946912	313.4707956	314.3535229	
1777	822.85	23.29	24.96	4.4	183.2946912	313.440486	314.321301	
1778	822.76	23.29	24.96	4.4	183.4946912	313.4502915	314.3312333	
1779	822.6433333	23.30333333	24.96	4.3	183.0946912	313.4771035	314.3588986	0.088679239
1781	822.48	23.26	24.96	4.3	182.7946912	313.4490821	314.3288697	
1782	822.39	23.295	24.96	4.4	182.9946912	313.4959055	314.3776272	0.154870274
1783	822.29	23.29	24.96	4.4	183.3946912	313.5015209	314.3831252	
1785	822.08	23.22	24.96	4.4	183.3946912	313.4503886	314.328677	
1786	822.02	23.20666667	24.96	4.4	184.0280245	313.4428297	314.3205159	
1787	821.88	23.26	24.96	4.4	184.1946912	313.5145099	314.3951427	
1788	821.79	23.18	24.96	4.4	184.2946912	313.4397103	314.3163475	
1789	821.66	23.18	24.96	4.4	184.3946912	313.4538926	314.3307123	
1790	821.6	23.14	24.96	4.45	184.4958148	313.418127	314.2929756	-0.473432351
1791	821.48	23.18	24.96	4.5	184.6946912	313.4735344	314.3506068	0.733333452
1793	821.29	23.14	24.96	4.5	184.5946912	313.4519565	314.3272396	
1794	821.21	23.14	24.96	4.5	184.6946912	313.4606894	314.3360846	
1795	821.17	23.1	24.96	4.5	185.0946912	313.4227376	314.2961366	
1796	821.055	23.1	24.96	4.5	184.6946912	313.4352922	314.3088521	
1797	820.94	23.14	24.96	4.5	183.8946912	313.490171	314.365945	
1798	820.83	23.08	24.96	4.5	182.8946912	313.4387002	314.3115501	
1799	820.76	23.1	24.96	4.5	181.9946912	313.4675075	314.3414805	
1800	820.67	23.06	24.96	4.5	181.4946912	313.4350129	314.3070624	
1801	820.53	23.06	24.96	4.5	181.0946912	313.4503069	314.3225521	
1802	820.43	23.14	24.96	4.5	180.4946912	313.5458924	314.4223826	
1803	820.39	23.1	24.96	4.5	179.8946912	313.5079344	314.3824259	
1804	820.3	23.06	24.965	4.45	179.3463766	313.47544	314.3481817	-0.43024718
1806	820.12	23.1	24.965	4.4	178.8446912	313.5374498	314.4124953	1.641877623
1807	819.98	23.06	24.96	4.4	178.2946912	313.5104229	314.3834378	
1808	819.925	23.06	24.97	4.35	177.69699	313.5164378	314.3898795	0.079640893
1809	819.77	23.1	24.97	4.3	176.8946912	313.5757293	314.4514417	0.784952667
1810	819.735	23.06	24.965	4.3	176.8946912	313.5372182	314.4107513	
1811	819.67	23.02	24.97	4.3	176.3946912	313.5019885	314.3737383	
1812	819.49	22.99	24.97	4.3	176.1946912	313.4899234	314.3603905	
1813	819.4	23.06	24.97	4.3	176.1946912	313.5738742	314.4480521	
1814	819.37	23.02	24.97	4.3	175.7946912	313.5348125	314.4069821	
1816	819.1566667	23	24.97	4.333333333	176.0631526	313.5369893	314.4084338	0.129726619
1817	819.08	22.99	24.97	4.4	177.0946912	313.5347948	314.4058351	-0.016347825
1818	818.99	22.99	24.97	4.4	177.9946912	313.5446485	314.4158147	
1819	818.9	22.99	24.97	4.4	178.7946912	313.5545036	314.4257957	
1820	818.77	22.99	24.97	4.4	179.6946912	313.5687411	314.4402152	
1821	818.72	22.99	24.97	4.4	180.4946912	313.5742179	314.445762	
1822	818.58	23.005	24.97	4.35	181.4900934	313.6054389	314.4779472	0.413463532
1823	818.495	22.95	24.97	4.3	183.2446912	313.5565105	314.4263241	-0.648085324
1824	818.41	22.95	24.97	4.3	184.2946912	313.565824	314.4357564	
1825	818.27	22.95	24.97	4.2	186.0946912	313.5811666	314.4512948	0.050805448
1827	818.105	22.95	24.97	4.2	188.0946912	313.5992533	314.4696124	
1828	818	22.95	24.97	4.2	190.3946912	313.6107655	314.4812715	
1829	817.91	22.91	24.97	4.2	191.9946912	313.5782677	314.4468565	
1830	817.84	22.91	24.97	4.25	193.6970441	313.5859436	314.4546302	0.101685302
1832	817.69	22.91	24.97	4.4	195.2946912	313.6023948	314.471291	0.048429869
1833	817.5866667	22.91	24.97	4.4	196.8613575	313.61373	314.4827706	
1834	817.45	22.87	24.97	4.6	197.4946912	313.5863511	314.4535424	-0.022671746
1835	817.41	22.87	24.97	4.5	196.4946912	313.5907397	314.4579869	0.014536625
1836	817.27	22.87	24.97	4.5	199.6946912	313.6061024	314.473545	
1837	817.18	22.91	24.97	4.4	200.3946912	313.6583578	314.5279673	0.173061599
1838	817.1	22.87	24.97	4.25	199.3464559	313.6247615	314.4924415	-0.049457985
1839	817	22.87	24.97	4.2	198.7946912	313.6357398	314.5035595	0.145453085
1840	816.91	22.87	24.97	4.2	198.9946912	313.6456218	314.5135672	
1841	816.82	22.87	24.97	4.3	196.9946912	313.6555051	314.5235763	0.032736502
1842	816.705	22.85	24.97	4.4	196.3446912	313.6469434	314.5141556	-0.028360804
1843	816.64	22.83	24.97	4.5	197.5946912	313.6328904	314.4991745	-0.046554031
1844	816.53	22.83	24.97	4.5	196.8946912	313.6449737	314.5114113	
1845	816.435	22.81	24.97	4.7	196.4478827	313.6342165	314.4997687	-0.008909532
1848	816.1666667	22.78	24.97333333	4.9	199.4280187	313.6319093	314.4964254	-0.005733402
1849	816.01	22.74	24.98	4.6	203.1446912	313.6067345	314.469668	-0.009269193
1852	815.79	22.72	24.98	4.5	203.4946912	313.6097208	314.4719458	0.029689619
1853	815.72	22.72	24.98	4.5	199.7446912	313.6174174	314.4797396	
1854	815.585	22.72	24.98	4.45	191.5665835	313.6322634	314.4947734	0.19679686
1855	815.53	22.76	24.98	4.4	192.0946912	313.6807146	314.5453323	0.642175844
1856	815.38	22.72	24.98	4.5	188.1946912	313.654813	314.5176081	-0.085837172
1857	815.32	22.72	24.98	4.5	187.6946912	313.6614143	314.5242929	
1858	815.23	22.68	24.98	4.4	187.3946912	313.6289108	314.4898868	-0.10773007
1859	815.12	22.7	24.98	4.3	185.3946912	313.6622189	314.5243613	0.110389411
1861	814.91	22.68	24.98	4.35	185.2475648	313.6641287	314.5255493	0.050638549
1862	814.8166667	22.62	24.99	4.433333333	188.4195213	313.6107845	314.469643	-0.254650273
1864	814.62	22.61	24.99	4.4	188.7946912	313.6218324	314.4804582	0.659270535
1866	814.495	22.57	24.99	4.4	188.4446912	313.5931797	314.4499596	
1867	814.4	22.57	24.99	4.4	189.8946912	313.6036413	314.4605526	
1868	814.29	22.55	24.99	4.3	190.3946912	313.5945464	314.4506016	-0.030157753
1870	814.07	22.53	24.99666667	4.3	190.2613579	313.5975701	314.4531502	
1871	813.95	22.49	25	4.3	190.5946912	313.5683665	314.4222134	
1872	813.88	22.49	25	4.3	189.4946912	313.5760794	314.4300229	
1873	813.78	22.53	25	4.3	190.0946912	313.6295277	314.4856228	
1874	813.68	22.49	25	4.3	188.9946912	313.5981213	314.4523407	
1875	813.59	22.49	25	4.5	190.7280321	313.6080423	314.462386	0.008225925
1876	813.54	22.49	25	4.5	190.4946912	313.6135547	314.4679674	
1877	813.44	22.45	25	4.6	193.8946912	313.5821473	314.4346877	-0.104177893
1878	813.37	22.45	25	4.6	195.1946912	313.5898655	314.4425023	
1879	813.27	22.45	25	4.7	194.9946912	313.6008929	314.4536676	0.036577877
1880	813.1	22.45	25	4.5	191.1946912	313.6196435	314.4726526	0.015548917
1881	813.05	22.45	25	4.55	191.2243544	313.6251595	314.4782376	0.073185955
1882	812.92	22.45	25	4.6	189.0446912	313.6395026	314.49276	0.190303904
1884	812.74	22.42	25	4.6	187.8946912	313.6275346	314.4795337	
1885	812.685	22.42	25	4.5	187.0946912	313.6336049	314.4856798	0.020137179
1886	812.6	22.42	25	4.4	186.4446912	313.6429873	314.4951794	0.031124524
1888	812.38	22.42	25	4.4	187.6946912	313.667277	314.5197726	
1889	812.275	22.4	25	4.5	187.9446912	313.6576475	314.509284	-0.031946592
1891	812.09	22.38	25	4.6	190.7946912	313.6568548	314.5077432	-0.005259761
1892	812.055	22.38	25	4.75	192.4957438	313.6607211	314.5116577	0.005701138
1893	811.965	22.38	25	4.9	194.9446912	313.6706641	314.5217247	0.014661511
1894	811.79	22.34	25	4.7	194.0946912	313.6475436	314.4968414	-0.019179701
1895	811.73	22.34	25.01	4.5	192.2946912	313.654174	314.503894	0.005500244
1896	811.6566667	22.33	25.00666667	4.533333333	197.200062	313.6516636	314.5008707	-0.074972908
1897	811.6	22.34	25.01	4.6	198.9946912	313.6685419	314.5184408	0.126013491
1898	811.42	22.31	25.01	4.8	197.8946912	313.6565932	314.5052383	-0.009913128
1900	811.26	22.325	25.01	4.8	196.9446912	313.6902089	314.5398248	
1901	811.17	22.29	25.01	5.05	199.4056082	313.6630037	314.5109925	-0.014446112
1902	811.1	22.31	25.01	5	198.5946912	313.6919794	314.5410647	0.384630784
1903	810.98	22.27	25.01	5.25	205.755645	313.6627839	314.5100344	-0.015504039
1904	810.88	22.27	25.01	5.4	209.3946912	313.6738463	314.5212341	0.016318354
1906	810.7	22.25666667	25.01333333	5.3	215.1612571	313.6796052	314.5266872	0.038228972
1907	810.6	22.23	25.02	5.2	222.5946912	313.6623549	314.5084687	-0.057261572
1908	810.51	22.23	25.02	5.2	225.8946912	313.6723157	314.5185531	
1909	810.41	22.23	25.02	5	233.0946912	313.683385	314.5297596	0.009185985
1910	810.33	22.21	25.02	5.05	232.7174425	313.6710018	314.5164885	-0.164432744
1912	810.145	22.19	25.02	5.1	241.2946912	313.6702444	314.514988	-0.020116438
1913	810.1	22.19	25.02	5.1	237.8946912	313.6752276	314.5200328	
1914	809.92	22.16	25.02	5.2	244.4946912	313.6632993	314.5068574	-0.039604852
1915	809.87	22.16	25.02	5.2	243.9946912	313.6688376	314.5124641	
1916	809.82	22.16	25.02	5.3	244.6946912	313.6743763	314.5180713	0.018389912
1917	809.64	22.16	25.02	5.6	243.1946912	313.6943193	314.5382609	0.007357308
1918	809.6	22.16	25.02	5.4	244.0946912	313.6987519	314.5427482	0.003679297
1919	809.4766667	22.14666667	25.02333333	5.6	239.2615979	313.6982567	314.5418708	-0.000411034
1920	809.37	22.12	25.03	5.5	230.4946912	313.6817503	314.5244086	-0.054812678
1921	809.28	22.12	25.02	5.3	224.6946912	313.6917269	314.5341716	0.008282298
1922	809.24	22.12	25.02	5.1	218.6946912	313.6961614	314.5386609	0.003681402
1923	809.125	22.08	25.025	4.85	210.4163504	313.6664143	314.5072526	-0.015807117
1924	809.01	22.08	25.02	4.8	206.3946912	313.6791656	314.519993	0.169395552
1925	808.92	22.12	25.03	4.8	208.2946912	313.7316475	314.5749219	
1926	808.83	22.08	25.03	4.8	207.7946912	313.6991289	314.5405384	
1927	808.7266667	22.07	25.02666667	4.9	209.4763087	313.699966	314.5409083	0.002780169
1929	808.56	22.05	25.03	5.2	212.8946912	313.6972048	314.5374945	-0.002038067
1930	808.45	22.05	25.03	5.3	214.7946912	313.7094114	314.5498514	0.040544051
1931	808.38	22.05	25.03	5.4	215.2946912	313.7171803	314.557716	0.025804454
1932	808.29	22.03666667	25.03	5.433333333	215.7652538	313.713	314.5529973	-0.124969701
1933	808.16	22.01	25.03	5.2	211.5946912	313.6990903	314.5379436	-0.008487036
1934	808.105	22.01	25.03	4.95	207.0118679	313.7051959	314.5441244	0.003245224
1935	808.05	22.01	25.04	5	205.8946912	313.711303	314.5506416	0.081148827
1936	807.89	21.97	25.035	5	205.2946912	313.6865543	314.5239638	
1938	807.73	21.97	25.035	5	205.5946912	313.7043242	314.5419517	
1939	807.61	21.93666667	25.04	5.133333333	207.361575	313.6822208	314.5185314	-0.041312309
1941	807.46	21.94	25.03	5	206.7946912	313.702429	314.5387742	0.075539172
1942	807.31	21.94	25.03	5	206.5946912	313.7190978	314.5556473	
1943	807.24	21.92	25.035	5.1	205.8446912	313.7056149	314.5414389	-0.044803159
1944	807.15	21.9	25.04	5.1	205.5946912	313.6943547	314.529481	
1945	807.1	21.97	25.04	5.3	206.2946912	313.7743372	314.6129915	0.066433114
1946	807	21.935	25.04	5.35	207.5498315	313.7482433	314.5853023	-0.346816354
1947	806.88	21.9	25.04	5.3	208.6946912	313.7243723	314.5598658	-0.317310231
1949	806.73	21.88	25.04	5.25	207.896596	313.7197873	314.5544983	-0.121901097
1951	806.53	21.86	25.04	5.066666667	204.9367599	313.7207663	314.5547631	0.001936001
1952	806.41	21.86	25.05	5.1	205.6946912	313.7341172	314.5686103	0.39936041
1953	806.29	21.845	25.05	5.05	206.5441961	313.7315179	314.5654348	-0.034557228
1955	806.16	21.81	25.05	5.05	206.3461763	313.7087617	314.5411319	
1956	806.06	21.83	25.05	5	205.1946912	313.7411639	314.5746544	0.43081466
1957	805.925	21.79	25.05	5	204.1446912	313.7136476	314.545353	
1959	805.75	21.77666667	25.05	4.9	202.128024	313.7189498	314.5502371	0.035254921
1961	805.55	21.75	25.05	4.9	201.2946912	313.7128563	314.5431051	
1962	805.49	21.79	25.05	4.9	201.3946912	313.7620921	314.5943877	
1963	805.4	21.75	25.05	4.9	201.9946912	313.7295653	314.5600172	
1964	805.275	21.75	25.05	4.9	202.3446912	313.7434925	314.5741137	
1966	805.13	21.72	25.05	4.9	203.3946912	313.7277329	314.5570784	
1967	805.0233333	21.72	25.06	5.033333333	205.4039465	313.7396212	314.5694422	0.022236165
1969	804.83	21.72	25.06	5.1	207.6946912	313.7611738	314.5912567	0.322500333
1970	804.74	21.68	25.06	5.1	210.3946912	313.7286452	314.5568886	
1971	804.67	21.665	25.06	5.1	209.5280233	313.7204885	314.548092	
1972	804.6	21.68	25.06	5.1	210.6946912	313.7442566	314.5726894	
1973	804.5	21.68	25.07	4.9	208.7946912	313.7554097	314.5843084	0.009272844
1974	804.405	21.66	25.065	4.9	208.7446912	313.7447223	314.5726043	
1975	804.24	21.65	25.06	5	211.4946912	313.7524875	314.579938	0.025827094
1976	804.185	21.63	25.07	4.95	211.6047932	313.7373381	314.5642142	-0.201561245
1977	804.06	21.61	25.07	5.1	213.3946912	313.7299996	314.5560667	-0.01084925
1978	804.02	21.65	25.07	5.1	213.5946912	313.7770384	314.6051166	
1979	803.91	21.61	25.07	5.1	213.2946912	313.7467405	314.57301	
1980	803.83	21.61	25.06	5	212.7946912	313.7556705	314.5817185	0.02970538
1981	803.77	21.61	25.07	5	211.7946912	313.7623689	314.5888275	
1982	803.645	21.61	25.06	4.9	211.8946912	313.7763257	314.6026235	0.046426732
1983	803.55	21.57	25.06	5.05	213.5491467	313.7443528	314.5688252	-0.047275733
1985	803.385	21.57	25.06	5.25	215.6032633	313.7627805	314.5874753	0.030653441
1986	803.23	21.57	25.06	5.2	216.8946912	313.7800958	314.6049996	0.230423741
1987	803.165	21.555	25.05	5.15	215.6442057	313.771388	314.5953187	-0.115884498
1989	802.96	21.57	25.05	5	214.6946912	313.8102681	314.6352071	0.114977545
1990	802.88	21.59666667	25.04	4.9	212.369513	313.8476056	314.6736257	0.124206618
1993	802.63	21.555	25.04	5.25	217.6080272	313.8311897	314.6555126	-0.013375577
1994	802.54	21.5	25.05	5.5	220.9946912	313.7826835	314.6047764	-0.025826091
1995	802.425	21.52	25.05	5.65	223.753099	313.8168436	314.6400654	0.05051838
1996	802.36	21.54	25.04	5.35	225.2059063	313.8454145	314.66937	0.010562409
1997	802.24	21.61	25.03	4.9	221.3946912	313.9333934	314.7606014	0.014452181
1998	802.13	21.54	25.03	4.7	218.0946912	313.8711492	314.695086	-0.051775168
1999	802.04	21.52	25.04	4.65	214.6925406	313.8599195	314.6833315	-0.149465964
2000	801.975	21.555	25.035	4.75	215.4999511	313.904475	314.7295177	0.148238883
2002	801.77	21.5	25.04	5.2	214.9946912	313.8688398	314.6916414	-0.011711867
2003	801.705	21.5	25.04	5.3	218.1946912	313.8761176	314.6990068	0.024218392
2004	801.59	21.47	25.05	5.3	220.6946912	313.8570367	314.6789485	
2006	801.425	21.47	25.05	5.05	220.2016222	313.8755162	314.6976502	0.019679953
2007	801.33	21.45	25.05	4.9	216.8946912	313.8648504	314.6861393	-0.015776999
2008	801.22	21.465	25.06	4.9	216.7946912	313.8931556	314.7156508	
2010	801.025	21.4	25.06	5.05	217.4229092	313.8457492	314.6653462	-0.140272872
2011	800.9	21.43	25.06	5.1	218.0946912	313.8917244	314.7129473	0.612108108
2014	800.6733333	21.38	25.05666667	5	218.0946909	313.8638541	314.682844	-0.278343562
2015	800.54	21.39	25.05	4.9	217.5946912	313.8894607	314.7088971	0.085242631
2016	800.45	21.36	25.05	4.8	216.8946912	313.8675822	314.6856843	-0.072839311
2018	800.295	21.36	25.055	4.8	215.8446912	313.8849668	314.7034404	
2019	800.205	21.34	25.06	4.8	215.0446912	313.8737465	314.6915347	
2021	799.99	21.32	25.06	5	216.0946912	313.8765517	314.6936595	0.004670148
2022	799.9	21.32	25.06	5.3	217.6946912	313.8866515	314.7038801	0.003736617
2023	799.86	21.29	25.06	5.2	216.9946912	313.8591622	314.6749927	-0.091540801
2024	799.745	21.29	25.06	5.15	217.7150805	313.8720692	314.6880538	0.171924494
2025	799.68	21.32	25.06	5.1	218.3946912	313.9113461	314.72887	0.523123157
2026	799.56	21.29	25.06	4.95	213.1068142	313.8928376	314.7090702	-0.027393
2027	799.435	21.25	25.065	4.9	211.1946912	313.8642292	314.6788584	-0.381121525
2029	799.32	21.25	25.06	4.9	213.2946912	313.8771433	314.6917639	
2030	799.22	21.25	25.07	5	215.0446912	313.8883748	314.7034544	0.037406749
2032	799.01	21.235	25.07	5.05	217.9531076	313.8959731	314.7106092	0.202458375
2034	798.8025	21.2	25.0725	5.275	221.8042285	313.8819682	314.6952739	-0.01843015
2035	798.68	21.18	25.08	5.3	223.4946912	313.8744083	314.6871566	-0.4029484
2037	798.535	21.18	25.08	5	221.3736974	313.8907075	314.7036497	0.012066146
2038	798.41	21.18	25.08	4.8	214.3946912	313.9047617	314.7178709	0.011704622
2039	798.39	21.15	25.08	4.8	216.7946912	313.8750152	314.6867056	
2040	798.3	21.14	25.08	4.8	214.9946912	313.8744697	314.6857989	
2042	798.12	21.125	25.085	4.85	215.999846	313.8787142	314.6897236	0.11313899
2043	798.03	21.11	25.09	5	218.4946912	313.872838	314.6834075	-0.00870223
2044	797.87	21.11	25.09	5.05	220.9016222	313.8908382	314.7016212	0.239913033
2045	797.78	21.11	25.09	5.25	223.7499294	313.9009654	314.7118684	0.008436125
2046	797.67	21.07	25.09	5.2	225.4946912	313.8706734	314.6798005	-0.403797219
2047	797.615	21.07	25.1	5.05	224.700632	313.8768633	314.6863862	0.009168034
2048	797.49	21.07	25.1	4.8	221.3946912	313.8909329	314.7006225	0.007502013
2050	797.35	21.07	25.09	4.7	219.1946912	313.9066944	314.716248	0.105051456
2051	797.24	21.04	25.1	4.7	217.3946912	313.8870723	314.6956543	
2052	797.17	21.04	25.09	4.7	217.2946912	313.8949549	314.703308	
2053	797.04	21.04	25.1	4.7	217.9946912	313.9095966	314.7184451	
2054	796.97	21.04	25.1	4.8	219.3946912	313.9174817	314.7264235	0.026280329
2055	796.85	21.04	25.1	4.8	220.8946912	313.9310013	314.740103	
2056	796.77	21	25.1	5.033333333	224.2423689	313.8973305	314.7046198	-0.020614789
2058	796.58	21	25.1	5.2	227.8946912	313.9187417	314.7262838	0.051386821
2059	796.51	21	25.11	5.15	229.442264	313.9266317	314.7345888	0.105200354
2060	796.43	20.97	25.11	5	228.6946912	313.903632	314.7102576	-0.034077144
2061	796.31	20.97	25.11	4.75	224.3104843	313.9171601	314.7239454	0.007215744
2063	796.15	20.97	25.115	4.55	219.9540325	313.9352017	314.7423606	0.030072457
2064	796.04	20.915	25.12	4.55	219.1001858	313.8889003	314.6937333	
2066	795.84	20.93	25.12	4.7	220.8946912	313.927471	314.7332871	0.114310736
2067	795.8	20.9	25.12	4.75	223.9052186	313.8999586	314.7043933	-0.366956396
2069	795.63	20.86	25.12	4.9	228.3946912	313.8764363	314.6791869	-0.06972871
2070	795.52	20.86	25.12	4.9	230.7946912	313.8888484	314.6917447	
2071	795.43	20.88	25.13	4.85	230.398815	313.9203584	314.7246487	0.420303846
2072	795.35	20.86	25.13	4.8	227.6946912	313.9080351	314.7114764	-0.164388512
2073	795.26	20.86	25.13	4.7	226.7946912	313.9181949	314.7217556	0.03388205
2074	795.14	20.845	25.13	4.6	224.4446912	313.9157271	314.718731	-0.008230289
2075	795.03	20.83	25.13	4.6	223.2946912	313.9121314	314.7145657	
2076	794.98	20.83	25.14	4.6	224.5946912	313.9177779	314.7205978	
2077	794.845	20.83	25.14	4.55	226.337548	313.9330258	314.7360247	0.20342288
2078	794.75	20.83	25.14	4.6	228.5946912	313.9437576	314.7468826	0.143173526
2080	794.57	20.83	25.14	4.7	231.0946912	313.9640963	314.7674601	0.135669676
2081	794.5066667	20.79	25.14666667	4.833333333	236.032019	313.9285339	314.7302867	-0.066727177
2083	794.3	20.76	25.15	4.75	235.4073246	313.9198498	314.7205536	-0.083435578
2084	794.185	20.76	25.15	4.55	230.7078799	313.9328497	314.7337058	0.010842102
2085	794.12	20.76	25.15	4.4	227.5946912	313.9401985	314.7411406	0.010895934
2087	793.93	20.76	25.15	4.4	226.2446912	313.9616842	314.7628779	
2088	793.87	20.73	25.16	4.5	227.2946912	313.9364229	314.7365864	-0.084281521
2089	793.745	20.705	25.16	4.65	229.4022184	313.9238543	314.7229943	-0.018638941
2090	793.66	20.705	25.16	4.8	232.3946912	313.9334695	314.732722	0.014259162
2092	793.51	20.69	25.16	4.9	234.1946912	313.934415	314.733153	0.006309592
2093	793.3666667	20.69	25.15666667	4.733333333	232.5390675	313.950635	314.7494566	0.019484571
2094	793.25	20.66	25.16	4.6	229.8946912	313.9317855	314.7294427	-0.035383777
2095	793.16	20.66	25.16	4.6	228.5946912	313.9419729	314.7397489	
2096	793.07	20.66	25.15	4.6	228.5946912	313.9521619	314.7497396	
2097	793.005	20.64	25.16	4.6	228.5946912	313.9381497	314.7351817	
2098	792.94	20.66	25.15	4.6	228.6946912	313.9668818	314.7646312	
2099	792.83	20.62	25.15	4.6	229.6946912	313.9365937	314.7325921	
2100	792.73	20.64	25.145	4.7	231.2946912	313.9692929	314.7662125	0.109130904
2101	792.65	20.62	25.15	4.8	232.8946912	313.9569812	314.7532169	-0.041092161
2102	792.56	20.62	25.14	4.8	233.3946912	313.9671772	314.7632149	
2103	792.4433333	20.61	25.14	4.8	233.9342778	313.9697085	314.7654265	
2104	792.39	20.62	25.14	4.8	234.5946912	313.9864403	314.7827022	
2105	792.29	20.62	25.14	4.7	231.3946912	313.9977741	314.7941679	0.037827971
2106	792.15	20.59	25.14	4.8	230.8946912	313.9815771	314.7767351	-0.054065222
2107	792.06	20.59	25.14	4.8	231.1946912	313.9917803	314.7870569	
2108	791.975	20.57	25.14	4.8	231.2446912	313.9800385	314.7744811	
2109	791.89	20.55	25.135	4.75	231.4946912	313.9682968	314.7617483	-0.156795384
2111	791.69	20.57	25.135	4.9	232.4946912	314.0123608	314.8070207	0.130751002
2113	791.56	20.55	25.13	4.9	233.9946912	314.0057265	314.7994543	
2114	791.44	20.54	25.13666667	5.066666667	235.0999509	314.0086504	314.8022743	0.003514188
2115	791.33	20.52	25.14	5.25	237.8499294	313.999749	314.7926785	-0.008842271
2116	791.24	20.52	25.14	5.2	239.0946912	314.0099634	314.8030112	0.136414212
2117	791.15	20.48	25.14	5.1	238.4946912	313.9774074	314.7686872	-0.108711983
2118	791.08	20.48	25.15	4.85	234.8586113	313.9853531	314.7770395	0.00424519
2119	790.96	20.465	25.15	4.7	229.9946912	313.9829357	314.7740729	-0.00358775
2121	790.8	20.45	25.155	4.75	229.3946912	313.9850617	314.7758596	0.056798176
2122	790.69	20.45	25.16	4.8	230.3946912	313.9975539	314.7886534	0.166874405
2123	790.62	20.415	25.155	4.85	230.400877	313.9680721	314.7574593	-0.393872902
2125	790.425	20.41	25.17	4.9	231.8446912	313.984875	314.7747533	0.448975769
2126	790.38	20.42	25.17	4.9	232.3946912	314.0006835	314.7910914	
2127	790.27	20.38	25.18	4.8	231.9946912	313.9703975	314.7593819	-0.101166363
2128	790.165	20.38	25.18	4.75	230.4420596	313.9823293	314.7714513	0.15942669
2129	790.095	20.365	25.18	4.75	229.9483754	313.9742393	314.7627481	
2130	790	20.35	25.19	4.8	230.4946912	313.9689911	314.7572328	-0.0701312
2131	789.92	20.38	25.19	4.8	230.4946912	314.0101781	314.7999347	
2132	789.805	20.35	25.19	4.8	230.7946912	313.9911593	314.7796564	
2133	789.73	20.31	25.19	4.8	231.2946912	313.9568935	314.7436115	
2134	789.63	20.35	25.19	4.8	231.0946912	314.0110597	314.7997861	
2135	789.56	20.35	25.19	4.8	230.9946912	314.0190215	314.8078397	
2136	789.43	20.31	25.19	4.8	230.4446912	313.9910117	314.7781219	
2137	789.35	20.295	25.19	4.8	230.6946912	313.984063	314.7705745	
2138	789.27	20.31	25.19	4.7	230.5946912	314.0092148	314.7965344	0.084036349
2140	789.065	20.28	25.195	4.8	230.5446912	314.0004414	314.7867786	-0.058632376
2141	788.995	20.28	25.2	4.75	230.5946912	314.0084086	314.7949934	0.106489264
2143	788.79	20.28	25.2	4.7	230.3946912	314.0317464	314.8185995	0.62386793
2144	788.685	20.225	25.205	4.7	229.9946912	313.984839	314.769409	
2145	788.6	20.24	25.2	4.7	229.8946912	314.0105721	314.7957994	
2146	788.5	20.21	25.21	4.8	229.7946912	313.9898515	314.774117	-0.069254541
2147	788.45	20.21	25.22	4.8	229.5946912	313.9955462	314.7801881	
2148	788.29	20.24	25.21	4.9	230.5946912	314.0458843	314.8318286	0.168228276
2149	788.27	20.21	25.21	4.9	231.0946912	314.0160508	314.8006166	
2150	788.18	20.21	25.2	5	232.7946912	314.0263053	314.8106774	0.034273889
2151	788.08	20.18	25.2	5	233.2946912	314.0055865	314.788687	
2152	787.97	20.18	25.19	4.85	233.196753	314.0181227	314.8010558	0.018624046
2153	787.9	20.18	25.2	4.7	232.5946912	314.0261014	314.8094366	0.011853316
2154	787.775	20.16	25.19	4.7	230.5446912	314.0189393	314.801193	
2155	787.72	20.14	25.19	4.7	230.7946912	314.0037973	314.78519	
2156	787.58	20.14	25.19	4.85	232.097784	314.01976	314.8013349	0.023717773
2157	787.54	20.125	25.2	5.05	233.8501369	314.008261	314.789499	-0.009611066
2158	787.4	20.14	25.21	5.2	235.1946912	314.0402889	314.822719	0.047587713
2160	787.24	20.125	25.215	5.25	235.7937388	314.0424798	314.8245736	0.058598356
2161	787.17	20.08	25.23	5.2	235.2946912	314.0022786	314.7828305	-0.537696636
2162	787.0666667	20.08	25.23666667	5.033333333	232.0059372	314.0140684	314.7949611	0.014192197
2163	786.97	20.08	25.24	4.95	230.343176	314.0250994	314.8062211	0.053114833
2165	786.81	20.07	25.24	5	229.3946912	314.0326516	314.8135156	0.202030244
2166	786.7033333	20.04	25.24	5.066666667	229.0282438	314.012698	314.7923038	-0.150142215
2168	786.49	20.04	25.22	5.2	229.1946912	314.0370556	314.8163209	0.091640199
2169	786.4	20.04	25.205	5.3	229.3446912	314.0473341	314.8262528	0.034373671
2170	786.33	20.025	25.175	5.15	229.7917785	314.0392619	314.8166481	-0.011998524
2171	786.22	20.04	25.15	5.1	229.7946912	314.0678956	314.8453481	0.383031274
2172	786.13	20.04	25.13	4.9	230.9946912	314.0781786	314.8551295	0.008597213
2173	786.03	20.04	25.125	4.8	229.5946912	314.0896059	314.8665319	0.038215775
2174	785.94	20.025	25.11	4.8	227.3946912	314.0838223	314.8597062	
2176	785.76	20.01	25.12	4.8	229.4946912	314.0883274	314.8640586	
2177	785.71	20.01	25.12	4.8	231.7946912	314.0940437	314.8698397	
2178	785.58	20.01	25.11	4.9	232.5946912	314.1089083	314.8845638	0.049715882
2179	785.49	20.01	25.11	4.9	232.6946912	314.119201	314.8949731	
2180	785.4	20.01	25.11	5	232.1576917	314.1294953	314.905384	0.034429959
2182	785.26	20.01	25.12	5.3	234.4946912	314.1455115	314.9218908	0.011903955
2183	785.145	19.995	25.11	5.5	236.8619655	314.142596	314.9181205	-0.002437942
2184	785.08	19.975	25.12	5.75	239.8007784	314.1286014	314.9035931	-0.00748987
2185	784.9533333	19.95	25.12333333	5.966666667	241.3886012	314.1163055	314.8904077	-0.00876206
2187	784.76	19.94	25.13	5.4	234.5946912	314.127718	314.9018134	0.002377936
2188	784.6966667	19.91	25.13	5.2	230.2747826	314.1028148	314.8756063	-0.02082982
2189	784.62	19.91	25.13	5.2	229.2946912	314.1115922	314.8844828	
2190	784.49	19.89	25.13	5.35	228.4946912	314.1050411	314.8771767	-0.009742153
2192	784.3	19.875	25.125	5.55	229.4469435	314.110722	314.8822577	0.009504584
2193	784.22	19.91	25.13	5.6	229.9946912	314.1574057	314.9308135	0.62476262
2194	784.12	19.91	25.13	5.5	230.6946912	314.1688638	314.9424009	0.038335511
2195	784.06	19.91	25.13	5.4	230.5946912	314.1757395	314.9493543	0.023004325
2196	783.98	19.89	25.145	5	228.1186947	314.1634666	314.9367225	-0.002566532
2197	783.89	19.87	25.15	4.8	224.3946912	314.1523397	314.9249421	-0.009308195
2198	783.79	19.87	25.15	5.15	225.863624	314.1638024	314.9365341	0.003131126
2200	783.61	19.84	25.15	5.5	227.9446912	314.1522731	314.9238534	-0.006299263
2202	783.4166667	19.81	25.15333333	5.466666667	230.230056	314.1422748	314.9128246	-0.602331616
2204	783.225	19.775	25.155	5.15	229.6461475	314.1267256	314.8959629	-0.010380627
2205	783.135	19.77	25.155	5.1	230.1446912	314.1316882	314.9008115	0.066444776
2206	782.99	19.74	25.16	5.2	228.3946912	314.1161504	314.8842348	-0.052015173
2207	782.94	19.74	25.16	5.1	230.1946912	314.1218875	314.8900362	0.019205695
2208	782.865	19.725	25.165	5.1	229.5123293	314.114406	314.8821151	
2209	782.74	19.71	25.17	4.85	229.9482995	314.1126633	314.8799972	-0.000933553
2210	782.7	19.71	25.17	4.9	231.2946912	314.1172543	314.8846396	0.061482455
2211	782.61	19.68	25.17	4.8	228.8946912	314.0954065	314.8615319	-0.073153892
2212	782.47	19.68	25.17	4.8	229.0946912	314.1114782	314.8777834	
2213	782.43	19.68	25.17	4.9	229.8946912	314.1160707	314.8824273	0.01537756
2214	782.33	19.68	25.18	4.9	230.8946912	314.1275535	314.8943431	
