ALT	PRESS	TEMP	RH	SPEED	DIR	POTT	VIRPOT	Ri
1308	868.1825	25.24	19.3125	0.05	274.2393824	310.7001842	311.4116981	
1310	868.025	25.51	19.315	0.1	266.5946912	310.9974601	311.7204558	7.807708804
1312	867.805	25.85	19.345	0.5	254.5137418	311.3740787	312.112825	0.154380246
1313	867.67	26.06	19.37	0.9	246.5946912	311.606633	312.3555149	0.047629912
1315	867.49	26.11	19.39	1.1	241.7946912	311.6771982	312.4292258	0.115601366
1316	867.4	26.33	19.43	1.5	238.1346863	311.9155821	312.6788904	0.048779873
1317	867.27	26.57	19.47	1.8	232.316898	312.1789297	312.9546144	0.095724445
1320	867.05	26.76	19.51	2	229.8946912	312.3994942	313.1855837	0.540826284
1321	866.915	26.965	19.55	2.3	229.3381694	312.6269555	313.4241622	0.082571328
1322	866.8	27.26	19.59	2.7	229.1946912	312.9461256	313.7587578	0.065108849
1323	866.7	27.47	19.63	2.9	228.8946912	313.1752225	313.9995099	0.186807268
1325	866.525	27.73	19.66	3.3	228.1946912	313.4641856	314.3023498	0.117709529
1327	866.34	27.9	19.74	3.6	228.6946912	313.6604482	314.5104939	0.142049267
1328	866.26	28.1	19.78	3.8	229.2539018	313.8771159	314.7387903	0.176303165
1329	866.12	28.25	19.83	4	230.5946912	314.0479196	314.9193965	0.13891425
1330	866.05	28.43	19.88	4.1	231.3946912	314.2427369	315.1255338	0.633399966
1331	865.91	28.56	19.94	4.1	231.4946912	314.3927314	315.2849778	
1333	865.77	28.7	19.99	4.1	232.0946912	314.5531624	315.4550104	
1334	865.635	28.9	20.045	4.25	233.0441029	314.7756188	315.6905043	0.320949624
1336	865.44	29.13	20.14	4.45	233.7486238	315.0356064	315.967223	0.421664337
1338	865.235	29.335	20.255	4.55	235.4001858	315.2706172	316.2188405	1.523588198
1340	865.08	29.48	20.31	4.7	237.1946912	315.4379083	316.3968025	0.481794765
1341	864.955	29.545	20.415	4.85	238.496753	315.5186987	316.4863014	0.116312373
1343	864.81	29.64	20.515	5	240.0946912	315.6328574	316.6106773	0.328601041
1344	864.63	29.71	20.57	5	241.1946912	315.7246222	316.7092393	
1345	864.59	29.86	20.62	5	242.2946912	315.8851733	316.8806816	
1346	864.46	29.81	20.66	5	243.0946912	315.8466318	316.8414444	
1347	864.38	29.95	20.72	4.9	243.3946912	316.0009508	317.0067301	0.499214975
1348	864.29	30	20.77	4.9	243.3946912	316.0624913	317.0736994	
1349	864.19	29.95	20.79	4.9	243.5946912	316.0208193	317.0302908	
1351	863.96	30	20.855	4.9	242.1446912	316.0970136	317.1128745	
1352	863.85	30	20.93	4.9	241.5946912	316.1085248	317.1282113	
1353	863.81	30	20.96	5	241.7946912	316.1127112	317.1339219	0.01354046
1355	863.595	30.045	21	5.05	241.7966714	316.1821453	317.208257	1.796367938
1356	863.49	30.09	21.03	5.2	242.8946912	316.2400694	317.2704372	0.08324235
1357	863.42	30.09	21.11	5.3	243.0946912	316.2474018	317.2818005	0.023709044
1358	863.29	30.04	21.12	5.3	242.9946912	316.2088742	317.2410406	
1359	863.21	30.04	21.15	5.3	243.5946912	316.2172552	317.2510149	
1360	863.16	30.09	21.18	5.3	243.8946912	316.2746431	317.3128867	
1361	863.01	30.09	21.195	5.2	244.1946912	316.2903641	317.3295826	0.050833206
1362	862.94	30.04	21.23	5.2	244.7946912	316.2455487	317.2836493	
1365	862.635	30.065	21.25	5.15	244.4966329	316.3036031	317.3446433	2.252785614
1367	862.44	30.07333333	21.24	5.2	244.3946912	316.3327487	317.3741029	0.753972641
1369	862.29	30.09	21.22	5.2	244.4946912	316.3658736	317.4074708	
1370	862.19	30.04	21.24	5.2	245.0946912	316.3242014	317.3639899	
1371	862.03	30.09	21.27	5.2	244.7946912	316.3931609	317.4376302	
1372	861.96	30.09	21.27	5.1	244.1946912	316.4005092	317.4450911	0.023760698
1373	861.89	30.04	21.26	5.1	244.2946912	316.3556872	317.3969354	
1374	861.76	30.09	21.29	5.1	243.2946912	316.4215088	317.4673949	
1375	861.68	30.04	21.29	5.1	241.8946912	316.3777356	317.4207903	
1376	861.535	30.085	21.265	5.15	242.0956621	316.4399232	317.484647	0.804337973
1378	861.39	30.04	21.28	5.2	242.3946912	316.4081947	317.4512252	-0.820876445
1379	861.265	30.065	21.265	5.25	242.4956436	316.4474187	317.491393	0.507357919
1380	861.17	30.04	21.27	5.3	242.2946912	316.4313105	317.4742042	-0.208374901
1381	861.06	29.99	21.24	5.2	241.7946912	316.3906856	317.4293365	-0.131402216
1383	860.865	29.995	21.25	5.2	242.4946912	316.4163998	317.4561467	
1384	860.77	29.99	21.26	5.2	242.1946912	316.421168	317.4612616	
1386	860.615	29.97	21.245	5.2	241.9946912	316.4165886	317.4550184	
1387	860.46	29.95	21.22	5.2	242.2946912	316.4120104	317.4482901	
1389	860.3	29.95	21.25	5.2	242.2946912	316.4288395	317.4668403	
1390	860.24	30	21.24	5.2	241.5946912	316.4873512	317.5279057	
1391	860.095	29.925	21.245	5.05	240.3996418	316.4243067	317.4609206	-0.090650169
1392	860.02	29.9	21.25	5.1	240.5946912	316.4060964	317.4416048	-0.235676719
1394	859.835	29.95	21.235	5.05	241.0461763	316.4777719	317.5157843	1.854934579
1396	859.635	29.925	21.24	5.05	241.9986516	316.4727239	317.5098296	
1397	859.55	29.95	21.26	5.1	242.0946912	316.5077794	317.5474711	0.453612833
1398	859.46	29.95	21.24	5.1	242.0946912	316.5172582	317.5561161	
1399	859.38	29.94	21.24	5.1	242.3946912	316.5152419	317.553639	
1400	859.23	29.95	21.25	5.1	241.6946912	316.5414875	317.5812036	
1401	859.14	29.9	21.23	5.1	240.7946912	316.4987518	317.5346916	
1402	859.02	29.9	21.24	5.1	241.2946912	316.5113961	317.5480159	
1403	858.97	29.9	21.23	5.2	241.4946912	316.5166653	317.552877	0.017048186
1404	858.88	29.85	21.23	5.2	241.2946912	316.4739273	317.5073473	
1405	858.77	29.94	21.22	5.1	240.9946912	316.579526	317.617923	0.341618302
1406	858.7	29.9	21.23	5.2	241.7946912	316.5451253	317.5817693	-0.111302803
1407	858.54	29.9	21.25	5.1	241.8946912	316.561996	317.5998731	0.054584839
1408	858.5	29.9	21.24	5	241.5946912	316.5662143	317.6036672	0.013648254
1410	858.295	29.9	21.235	5.05	241.9946912	316.5878371	317.6253744	0.559682382
1411	858.16	29.9	21.24	5.1	241.5946912	316.60208	317.6400782	0.184331546
1412	858.07	29.85	21.22	5.1	242.0946912	316.5593395	317.5935664	
1413	857.98	29.8	21.24	5.1	242.1946912	316.516597	317.5490092	
1414	857.91	29.85	21.21	5	241.8946912	316.5762233	317.6102186	0.192951836
1415	857.78	29.85	21.2	4.9	241.9946912	316.5899444	317.62366	0.044401711
1416	857.69	29.9	21.22	4.9	242.5946912	316.6516893	317.6894641	
1417	857.6	29.8	21.22	4.9	242.3946912	316.5567015	317.5887478	
1418	857.52	29.85	21.2	4.9	241.3946912	316.6173945	317.651526	
1419	857.4	29.8	21.21	4.8	240.5946912	316.5778183	317.6096974	-0.128090768
1420	857.35	29.8	21.22	4.8	240.4946912	316.5830985	317.615544	
1422	857.115	29.78	21.225	4.75	238.70206	316.5870189	317.6189112	0.101515418
1423	857.015	29.755	21.215	4.75	237.0399542	316.5714561	317.6015589	
1424	856.91	29.71	21.22	4.8	235.5946912	316.5355173	317.5634009	-0.465409744
1426	856.79	29.76	21.25	4.7	235.6946912	316.6004558	317.6329105	0.420409548
1427	856.61	29.76	21.28	4.8	235.8946912	316.6194812	317.6536817	0.061584972
1428	856.545	29.735	21.25	4.75	235.8441649	316.6002207	317.6316022	-0.249404647
1430	856.38	29.71	21.26	4.9	236.4946912	316.591532	317.6221985	-0.025004263
1431	856.27	29.71	21.29	4.9	236.6946912	316.6031633	317.6354601	
1433	856.085	29.685	21.31	5	237.2946912	316.5965931	317.6286895	-0.042545666
1434	855.93	29.66	21.31	5	237.7946912	316.5868518	317.6177314	
1435	855.9	29.71	21.3	5	238.2946912	316.6423007	317.6756746	
1436	855.81	29.71	21.32	5.2	238.8946912	316.651824	317.6863124	0.007707896
1438	855.61	29.66	21.295	5.4	239.9548767	316.6207109	317.6513759	-0.050372858
1440	855.37	29.61	21.3	5.5	240.6946912	316.5938312	317.6221969	-0.174104157
1441	855.31	29.62	21.28	5.5	240.6946912	316.61064	317.6387196	
1442	855.185	29.64	21.285	5.25	237.6508819	316.6447899	317.6744796	0.017693855
1443	855.09	29.62	21.25	5.2	235.8946912	316.633935	317.6609155	-0.14061428
1445	854.92	29.57	21.26	5.2	234.8946912	316.5996484	317.6244678	
1446	854.8	29.57	21.235	5.35	232.7367467	316.6123592	317.636164	0.018297963
1447	854.74	29.57	21.25	5.3	232.2946912	316.6187154	317.6433388	0.082351364
1449	854.5233333	29.55333333	21.22666667	5.166666667	230.4934008	316.6242406	317.6471139	0.020134239
1451	854.345	29.52	21.22	5.5	231.1456003	316.6082725	317.6291717	-0.00931133
1452	854.24	29.52	21.215	5.75	232.7486043	316.6194021	317.6402271	0.005768783
1455	853.995	29.52	21.2	5.95	234.3493132	316.6453779	317.6658693	0.063112452
1456	853.9	29.47	21.18	6	235.8946912	316.6031424	317.6199274	-0.547386142
1457	853.765	29.545	21.19	5.9	237.6946912	316.695929	317.7177543	0.300561947
1458	853.63	29.48	21.18	5.9	239.2946912	316.6422423	317.6600323	
1460	853.46	29.47	21.18	5.9	239.7946912	316.6498159	317.6672961	
1461	853.41	29.47	21.17	5.8	240.0946912	316.6551217	317.6722005	0.017191138
1462	853.28	29.43	21.2	5.8	239.8946912	316.6270616	317.6434732	
1463	853.18	29.43	21.16	5.8	239.6946912	316.637675	317.6523266	
1464	853.06	29.43	21.17	5.7	238.6946912	316.6504132	317.6657336	0.041278321
1466	852.88	29.43	21.17	5.6	237.8946912	316.6695249	317.6851294	0.12386297
1467	852.83	29.38	21.14	5.5	238.6946912	316.6225055	317.6338698	-0.152392067
1468	852.74	29.43	21.16	5.3	238.8946912	316.6843931	317.6997389	0.050136863
1470	852.55	29.36666667	21.17666667	5.266666667	239.3908912	316.6382865	317.6510778	-2.689921362
1471	852.44	29.33	21.15	5.1	240.0946912	316.6115922	317.6211732	-0.031151511
1473	852.2	29.36	21.16	5.2	241.6946912	316.668495	317.6806564	0.368873971
1475	852.02	29.34	21.155	5.2	243.3446912	316.6666897	317.6777444	
1476	851.91	29.38	21.13	5.3	241.8946912	316.7202595	317.732593	0.17362208
1478	851.73	29.36	21.13	5.35	238.9526357	316.7184618	317.7299276	-0.046614723
1480	851.59	29.33	21.11	5.2	236.7946912	316.7019418	317.7109471	-0.04760072
1481	851.5	29.24	21.11	5.1	236.6946912	316.6172806	317.6212723	-0.274517955
1482	851.37	29.24	21.075	5.05	236.843206	316.6311069	317.6336369	0.179329698
1484	851.19	29.29	21.06	5.2	236.2946912	316.7026131	317.7075659	0.206065684
1485	851.06	29.29	21.03	5.1	236.7946912	316.716448	317.7201725	0.044853012
1486	851.01	29.2	21.02	4.9	237.3946912	316.6275199	317.625719	-0.072097915
1487	850.84	29.2	21.04	4.8	238.1946912	316.6456119	317.6450253	0.058671659
1488	850.75	29.15	21.02	4.9	238.4946912	316.6028261	317.598591	-0.13877593
1489	850.65	29.175	20.99	4.95	236.7906507	316.639654	317.6355692	0.477767108
1490	850.61	29.2	20.99	4.9	237.1946912	316.6700966	317.6674924	0.394897555
1492	850.38	29.175	20.97	4.9	236.8446912	316.6684037	317.6637887	
1493	850.3	29.11	20.98	5	235.8946912	316.6088387	317.601143	-0.19322529
1494	850.22	29.2	20.98	5.1	235.2946912	316.7116336	317.7091604	0.333361235
1496	850.07	29.11	20.95	5	234.5946912	316.6333361	317.6245768	-0.507984583
1498	849.825	29.085	20.965	5	234.2946912	316.6332499	317.6241674	
1500	849.67	29.035	20.92	4.95	233.9967114	316.5973836	317.5836002	-0.931015302
1501	849.54	29.01	20.91	4.9	234.0946912	316.5850452	317.5695869	-0.160153227
1502	849.49	29.055	20.92	4.9	234.2946912	316.6375234	317.6251416	
1503	849.4	29.01	20.92	4.8	237.0946912	316.5999678	317.5851956	-0.121868334
1505	849.13	29.06	20.9	4.9	235.3946912	316.6811504	317.6686601	0.52679011
1506	849.09	28.97	20.91	4.8	236.2946912	316.5911062	317.5740963	-0.292233356
1507	849	29.01	20.91	5.1	236.8946912	316.6426215	317.6279932	0.018574192
1509	848.79	28.995	20.895	5.45	241.7616696	316.6493048	317.6334509	0.003540976
1511	848.56	29.06	20.89	5.7	246.3946912	316.7419746	317.7298907	0.096212861
1512	848.47	28.97	20.89	5.7	247.1946912	316.6572527	317.6402536	
1514	848.285	28.97	20.9	5.6	245.4946912	316.6770021	317.6607578	0.128190889
1515	848.19	28.965	20.89	5.4	239.8808162	316.6819046	317.6650554	0.003977784
1517	847.97	28.87	20.88	5.2	230.5946912	316.6058125	317.5835212	-0.123517132
1518	847.905	28.925	20.885	5.2	230.5446912	316.670411	317.6515248	
1520	847.725	28.9	20.875	5	223.1186947	316.6634306	317.6429536	-0.01132981
1521	847.65	28.88	20.87	4.8	220.3946912	316.6504756	317.6287626	-0.010514329
1522	847.55	28.875	20.835	4.55	219.5441417	316.6559183	317.6324389	0.002827103
1524	847.37	28.855	20.85	4.65	222.1549072	316.6541844	317.630569	-0.011258499
1525	847.25	28.83	20.82	5	225.7946912	316.6407967	317.6145701	-0.003548503
1526	847.16	28.79	20.82	5.3	228.7946912	316.6084739	317.5801649	-0.011662708
1528	846.98	28.88	20.8	5.7	231.4946912	316.7220941	317.6981219	0.046107217
1529	846.85	28.79	20.81	5.8	233.7946912	316.6416165	317.6133119	-0.261341013
1530	846.8	28.79	20.8	5.7	235.1946912	316.6469636	317.618268	0.017363876
1531	846.68	28.83	20.8	5.6	236.2946912	316.7017482	317.675454	0.177882675
1533	846.45	28.79	20.82	5.4	235.7946912	316.6844043	317.6571753	-0.028161082
1534	846.42	28.72	20.8	5.2	233.7100768	316.6141953	317.5822039	-0.057011923
1535	846.3	28.69	20.76	4.8	229.9113589	316.5955679	317.5602435	-0.003781893
1538	846.05	28.69	20.78	4.6	230.0946912	316.6223206	317.5883036	0.065178679
1539	845.9433333	28.72666667	20.75	4.7	232.9393809	316.6722021	317.6389724	0.162018012
1542	845.59	28.65	20.74	4.8	232.9946912	316.6296068	317.592225	-0.41516131
1543	845.5433333	28.65	20.72666667	4.8	233.3585803	316.6346045	317.5966741	
1545	845.345	28.6	20.735	4.75	233.1883752	316.6033881	317.5633995	-0.81148006
1546	845.25	28.6	20.72	4.9	231.5946912	316.6135647	317.5730244	0.014696881
1547	845.155	28.585	20.72	4.75	231.6936386	316.6080032	317.5667842	-0.008032302
1548	845.02	28.56	20.71	4.8	233.1946912	316.5962353	317.553389	-0.152975311
1549	844.96	28.65	20.7	4.6	231.6946912	316.6971073	317.6588178	0.081930279
1550	844.89	28.61	20.69	5	233.3946912	316.6626359	317.6217946	-0.00700052
1551	844.79	28.605	20.72	5.2	232.3966143	316.6681088	317.6285347	0.0044459
1552	844.71	28.52	20.72	5.4	232.6946912	316.5874826	317.5433777	-0.065514461
1555	844.405	28.61	20.715	5.55	232.7982948	316.7146432	317.6756916	0.550912853
1556	844.26	28.52	20.7	5.6	233.5946912	316.6357344	317.591381	-1.025903733
1557	844.1966667	28.56333333	20.70333333	5.6	233.5691066	316.688012	317.6462762	2.15364E+27
1559	843.99	28.47	20.69	5.7	234.1946912	316.6122161	317.5650802	-0.492797835
1560	843.895	28.495	20.68	5.4	234.1437653	316.6486527	317.6025598	0.013159915
1562	843.75	28.43	20.64	5.3	234.3946912	316.5959786	317.5447272	-0.342513877
1564	843.55	28.56	20.67	5.4	233.8946912	316.7539268	317.7114374	1.026616345
1566	843.39	28.47	20.6	5.2	234.6946912	316.6766191	317.6262323	-0.125656715
1567	843.23	28.43	20.55	5.1	234.8946912	316.6518041	317.5971873	-0.080679651
1568	843.17	28.43	20.56	5.3	234.6946912	316.6582484	317.6041807	0.005237977
1570	842.9766667	28.47333333	20.54333333	5.166666667	234.8282396	316.7245203	317.6723168	0.242365031
1572	842.77	28.43	20.5	5.6	236.4946912	316.7012252	317.6449899	-0.008066782
1574	842.6	28.405	20.52	5.45	235.9479022	316.6932431	317.6368319	-0.023070246
1576	842.41	28.34	20.45	5.1	235.0946912	316.6454026	317.5825649	-0.025402087
1577	842.3	28.36	20.46	5.35	236.0059063	316.6782351	317.6170907	0.017083445
1578	842.23	28.38	20.5	5.5	236.5946912	316.7067689	317.6486396	0.04123814
1579	842.1	28.3	20.39	4.8	232.8946912	316.6367209	317.5694534	-0.004649832
1580	842.03	28.34	20.43	5.1	234.8897953	316.6862646	317.6230698	0.017902985
1581	841.89	28.38	20.43	5.1	234.2946912	316.7433439	317.6825005	
1582	841.825	28.27	20.395	5	232.6666856	316.6347864	317.5665513	-0.353135092
1583	841.74	28.29	20.41	5	233.8946912	316.6649403	317.5985824	
1584	841.61	28.29	20.42	5	233.9946912	316.6789289	317.6132195	
1586	841.47	28.29	20.36	5.1	230.8946912	316.6939967	317.6257473	0.09802365
1587	841.38	28.29666667	20.37333333	5.066666667	230.8513975	316.7106891	317.6435375	0.488655464
1589	841.14	28.225	20.345	5.1	229.1946912	316.6612293	317.5893204	-2.89647897
1590	841.03	28.25	20.35	5.1	229.9446912	316.6993431	317.6291517	
1591	840.94	28.21	20.34	5.2	230.1946912	316.6670047	317.5943638	-0.105216875
1592	840.89	28.17333333	20.34333333	5.066666667	229.5940378	316.63386	317.5595003	-0.060667544
1593	840.76	28.16	20.36	5.2	230.6946912	316.63385	317.5597315	-1.84072E-05
1595	840.62	28.2	20.37	5.3	231.0946912	316.6909671	317.6196307	0.371687727
1597	840.44	28.16	20.37	5.5	231.8946912	316.6683252	317.5951285	-0.036840194
1598	840.3033333	28.14666667	20.39666667	5.466666667	230.2922625	316.6690411	317.5965495	0.020966342
1600	840.07	28.165	20.45	5.6	229.6446912	316.7134638	317.644716	0.162626021
1602	839.895	28.14	20.455	5.5	229.8765193	316.7060564	317.6364612	-0.048213008
1603	839.86	28.16	20.46	5.5	228.7946912	316.7308547	317.662604	
1605	839.67	28.16	20.47	5.5	227.3946912	316.7513506	317.6838346	
1606	839.5433333	28.13333333	20.48333333	5.533333333	228.8994413	316.7369835	317.6688381	-0.420811377
1610	839.18	28.16	20.5	5.4	228.0946912	316.8042359	317.7388085	0.49241265
1612	839.005	28.075	20.485	5.7	231.6754025	316.7337567	317.6633697	-0.050981167
1613	838.86	28.08666667	20.44666667	5.5	233.1092783	316.7616819	317.6903876	0.022723772
1614	838.78	28.095	20.475	5.75	232.052083	316.779085	317.7096388	0.009063141
1615	838.65	28.12	20.45	5.6	231.8946912	316.8194185	317.7503582	0.058341993
1617	838.4866667	28.04666667	20.43	5.466666667	234.7971465	316.7599458	317.6863176	-0.217807667
1620	838.24	28.03	20.44	5.4	235.5946912	316.7690718	317.6953737	0.200543612
1623	837.92	27.94	20.425	5.6	237.7473698	316.7089967	317.6303254	-0.14672755
1624	837.81	27.99	20.42	5.5	237.6946912	316.7734844	317.6973899	0.209971806
1626	837.65	27.99	20.42	5.5	236.7946912	316.7907882	317.7149273	
1627	837.52	27.99	20.43	5.5	237.0946912	316.8048507	317.7296323	
1628	837.4566667	27.92666667	20.41	5.466666667	237.8294472	316.7450735	317.6656963	-1.752079092
1629	837.38	27.9	20.4	5.4	237.5946912	316.7253119	317.6441902	-0.144816788
1631	837.16	27.99	20.43	5.6	237.4946912	316.8438077	317.7691157	0.192911101
1634	836.85	27.9	20.4	5.3	232.7946912	316.7826679	317.7023165	-0.066376861
1635	836.76	27.9	20.42	5.5	236.4946912	316.7924123	317.7130935	0.00793426
1637	836.5933333	27.9	20.40333333	5.4	234.3909778	316.8104609	317.7306332	0.117567969
1638	836.54	27.855	20.41	5.35	234.7535705	316.7688807	317.6870606	-0.541782867
1639	836.45	27.85	20.41	5.3	235.1946912	316.7733663	317.6914137	0.058446421
1640	836.335	27.77	20.4	5.45	229.3928563	316.7016277	317.6151931	-0.103889542
1641	836.22	27.81	20.4	5.5	229.3946912	316.7561829	317.6720123	0.710951583
1642	836.09	27.86	20.39	5.4	230.8946912	316.8228945	317.7410911	0.217306861
1644	835.9333333	27.77	20.39333333	5.5	229.7946913	316.7451423	317.6589899	-0.506692268
1647	835.67	27.73	20.37	5.5	229.0946912	316.7315779	317.6426684	
1648	835.56	27.745	20.39	5.45	229.3910214	316.7592931	317.672222	0.361257035
1649	835.47	27.79	20.385	5.4	229.6446912	316.8164261	317.7316196	0.744594453
1652	835.22	27.64	20.32	5.5	229.5946912	316.6856178	317.5904369	-1.279220953
1653	835.13	27.68	20.35	5.5	229.3946912	316.7374934	317.6458595	
1654	835	27.64	20.36	5.4	229.2946912	316.7094789	317.6163951	-0.091321121
1655	834.95	27.66	20.335	5.5	230.4946912	316.7359619	317.6428763	0.08632307
1656	834.77	27.73	20.35	5.4	229.6946912	316.829204	317.7406987	0.303858416
1657	834.705	27.64	20.33	5.4	229.5446912	316.7414868	317.6474902	
1658	834.64	27.68	20.34	5.5	229.6946912	316.7906639	317.699289	0.160285637
1659	834.525	27.6	20.315	5.5	232.2183316	316.7189009	317.622418	
1661	834.32	27.64	20.32	5.6	232.0946912	316.7832824	317.6893931	0.419740188
1663	834.13	27.6	20.32	5.6	233.1946912	316.7617882	317.666094	
1664	834.0733333	27.55666667	20.24666667	5.866666667	233.5935597	316.7223017	317.6211867	-0.018105919
1665	834	27.56	20.27	6.1	234.6946912	316.7337773	317.6339751	0.006872686
1666	833.86	27.6	20.27	6	234.1946912	316.7911187	317.6935858	0.186945487
1668	833.65	27.555	20.225	5.95	233.1064582	316.7665362	317.6649765	-0.641251613
1669	833.55	27.55	20.24	5.9	234.1946912	316.7721371	317.6711284	0.07305267
1670	833.46	27.555	20.215	5.9	232.2946912	316.7871871	317.6854541	
1672	833.28	27.55	20.19	5.8	230.5946912	316.8014889	317.6986439	0.093269869
1674	833.15	27.47	20.18	5.7	227.6946912	316.7313382	317.6241239	-0.457611421
1675	833.005	27.49	20.16	5.8	225.4946912	316.7681782	317.6613096	0.120150444
1676	832.9333333	27.45666667	20.17333333	5.7	227.9993145	316.7408507	317.6329654	-0.089135975
1677	832.87	27.51	20.17	5.7	228.5946912	316.8039359	317.6987288	
1678	832.72	27.485	20.15	5.75	224.8251159	316.7939115	317.6867478	-0.130776071
1679	832.6	27.43	20.14	5.8	221.7946912	316.7490112	317.6387598	-0.585870419
1680	832.51	27.43	20.15	5.8	223.7946912	316.7588043	317.6491219	
1681	832.47	27.39	20.13	5.8	221.0946912	316.7210036	317.6084527	
1682	832.34	27.43	20.14	5.8	223.1946912	316.7773059	317.6674222	
1683	832.29	27.34	20.13	5.8	220.5946912	316.6878971	317.5730537	
1684	832.15	27.36	20.13	5.75	221.3486043	316.7242132	317.6105847	0.473971273
1685	832.06	27.425	20.14	5.8	221.8946912	316.80252	317.6927767	1.021783726
1687	831.85	27.3	20.13	5.7	220.9946912	316.6936332	317.5773754	-0.710698268
1690	831.6	27.26	20.11	5.7	224.1946912	316.678693	317.5598799	
1691	831.55	27.26	20.12	5.9	224.5946912	316.6841387	317.565834	0.004443601
1692	831.415	27.29	20.1225	5.9	223.581552	316.7304708	317.6139872	1.9168E+27
1693	831.31	27.28666667	20.11666667	5.766666667	224.0646159	316.7383975	317.621636	0.014551576
1695	831.11	27.22	20.1	6.1	226.1946912	316.6899061	317.5693171	-0.028492612
1699	830.75	27.13	20.1	6	226.6946912	316.6342477	317.5096203	-0.726970217
1701	830.53	27.26	20.11	6.2	225.7946912	316.7953239	317.6780126	0.262868892
1702	830.48	27.21	20.09	5.5	229.1946912	316.7480506	317.6274002	-0.003149415
1703	830.36	27.22	20.08	5.8	226.6946912	316.7716876	317.6512731	0.008573263
1704	830.28	27.21	20.1	5.6	228.7946912	316.7698703	317.6499379	-0.001483153
1705	830.21	27.17	20.09	5.5	230.1946912	316.7353224	317.613029	-0.112795025
1706	830.08	27.13	20.06	5.3	231.3946912	316.7073202	317.5818833	-0.022859043
1708	829.8975	27.12	20.0575	5.475	229.8549596	316.71669	317.5908954	0.019981507
1710	829.75	27.09	20.06	5.3	230.7946912	316.7011459	317.5741578	-0.033151604
1711	829.61	27.09	20.055	5.3	231.2446912	316.7164301	317.5894192	
1714	829.35	27.09	20.03	5.3	232.1946912	316.7448239	317.6170861	
1715	829.21	27.03	20.025	5.25	232.1985008	316.6968162	317.5660492	-0.627250362
1716	829.12	27.07	20.03	5.35	231.9488969	316.7488499	317.6204286	0.169940579
1718	828.94	27.05	20.02	5.3	231.8946912	316.7474172	317.6178085	-0.037437521
1719	828.85	27.09	20.01	5.2	231.6946912	316.7994596	317.671546	0.169957693
1720	828.76	26.96	20.01	5.2	230.9946912	316.6721242	317.5378345	
1721	828.6933333	26.97666667	20	5.333333333	230.640323	316.6969968	317.5631972	0.045707977
1723	828.49	26.96	19.98	5.4	229.5946912	316.7016364	317.5664212	0.068212124
1724	828.36	26.96	20	5.4	230.5946912	316.7158504	317.5816805	
1725	828.31	26.92	20	5.4	229.4946912	316.6791041	317.5430113	
1728	828.05	26.92	19.975	5.35	228.9451585	316.7075391	317.5707246	1.114973904
1729	827.925	26.9	19.965	5.3	228.8446912	316.7001039	317.5620363	-0.097187308
1730	827.85	26.88	19.94	5.3	228.0946912	316.6871993	317.5471643	
1731	827.77	26.92	19.92	5.4	226.6946912	316.7381743	317.599368	0.166566115
1732	827.6433333	26.89333333	19.92666667	5.333333333	226.7921846	316.7238883	317.5842223	-0.105041325
1735	827.38	26.88	19.91	5.4	226.1946912	316.7386393	317.5979553	0.325396397
1737	827.198	26.856	19.908	5.36	227.4453754	316.7332306	317.591523	-0.220964227
1738	827.11	26.8	19.9	5.5	232.5528732	316.6837439	317.5390482	-0.082534511
1739	826.98	26.8	19.89	5.6	234.3946912	316.6979808	317.553033	0.046539075
1741	826.795	26.78	19.88	5.7	236.6446912	316.6971278	317.5510182	-0.005577237
1742	826.73	26.8	19.88	5.7	237.1946912	316.7253676	317.5803314	
1745	826.41	26.8	19.87	5.6	237.0946912	316.7604382	317.6154094	0.343928002
1746	826.33	26.735	19.855	5.55	232.6145207	316.7005636	317.5518042	-0.783067595
1747	826.28	26.71	19.85	5.3	229.4946912	316.6796423	317.5295111	-0.010945653
1748	826.19	26.76	19.89	5.6	232.8946912	316.7423144	317.5964763	0.02276628
1750	825.92	26.72	19.855	5.15	229.0985747	316.729676	317.580739	-0.004081441
1752	825.75	26.69	19.85	5.1	228.9446912	316.716635	317.5662446	-0.341165627
1753	825.675	26.67	19.845	5.15	228.642264	316.7037365	317.5522551	-0.168728714
1754	825.56	26.67	19.84	5.3	228.2946912	316.7163532	317.5648142	0.018338071
1757	825.33	26.67	19.82	5.4	227.9946912	316.7415934	317.5895113	0.247631542
1758	825.2366667	26.60333333	19.81	5.333333333	227.3284412	316.6814069	317.5257713	-0.442965446
1760	825.035	26.59	19.79	5.3	227.1446912	316.6894563	317.5325921	0.47396442
1762	824.85	26.61	19.79	5.2	226.2946912	316.7309011	317.5752603	0.27113062
1763	824.7	26.59	19.79	5.2	225.5946912	316.7262425	317.5698309	
1765	824.58	26.53	19.78	5.05	224.4471664	316.6760214	317.5164318	-0.146058788
1766	824.42	26.51	19.78	4.9	224.2946912	316.6724622	317.5121186	-0.005176034
1767	824.38	26.55	19.78	4.9	223.8946912	316.7191281	317.5607785	
1768	824.27	26.53	19.775	5.1	224.7946912	316.7100791	317.5506946	-0.007401741
1770	824.07	26.51	19.77	5.1	225.1446912	316.7109226	317.5506256	
1772	823.91	26.53	19.76	5.05	225.3956813	316.7496509	317.5901138	1.013705682
1773	823.78	26.43	19.75	5	225.3946912	316.6582452	317.4936229	-1.19666387
1775	823.63	26.49	19.75	5.05	225.6956813	316.7381614	317.5766387	2.092071567
1777	823.4533333	26.47	19.73	5.266666667	225.6276026	316.7364524	317.5733516	-0.002382674
1779	823.22	26.47	19.725	5.4	225.0946912	316.7621256	317.5991261	0.094517919
1780	823.11	26.47	19.72	5.3	224.9946912	316.7742319	317.611168	0.039618039
1781	823.05	26.43	19.715	5.25	223.996596	316.7385453	317.5734199	-0.467202134
1783	822.8633333	26.41666667	19.71333333	5.333333333	222.9846945	316.7449954	317.5794071	0.060802086
1784	822.78	26.39	19.7	5.4	221.5946912	316.7259735	317.5586495	-0.140098143
1785	822.69	26.43	19.71	5.5	222.3946912	316.778179	317.6133245	0.170865815
1786	822.55	26.385	19.7	5.5	223.5946912	316.7460125	317.5787557	
1787	822.46	26.39	19.7	5.6	224.2946912	316.7612126	317.5943166	0.049755641
1788	822.37	26.39	19.7	5.7	224.3946912	316.7711268	317.6043513	0.032452867
1790	822.24	26.39	19.69	5.8	223.7946912	316.7854497	317.6184252	0.093768855
1791	822.13	26.36333333	19.69333333	5.666666667	223.8599852	316.769368	317.6013497	-0.029613464
1792	822.05	26.35	19.69	5.6	223.6946912	316.7640827	317.5953902	-0.038931965
1793	821.92	26.35	19.69	5.6	223.4946912	316.7784109	317.6098921	
1794	821.81	26.31	19.685	5.65	223.8964611	316.7482278	317.5777262	-0.395309083
1796	821.69	26.29	19.68	5.6	224.1446912	316.7403014	317.5687914	-0.207638471
1797	821.55	26.31	19.68	5.7	224.3946912	316.776894	317.6065285	0.119813624
1798	821.51	26.31	19.68	5.6	224.5946912	316.7813052	317.6109931	0.014443479
1799	821.42	26.31	19.67	5.7	224.7946912	316.7912315	317.6206178	0.032501135
1800	821.28	26.31	19.67	5.7	225.1946912	316.8066751	317.6362482	
1801	821.21	26.2475	19.6625	5.65	225.5716826	316.7482763	317.5746372	-0.765011227
1803	820.98	26.23	19.66	5.7	226.7946912	316.7551371	317.5808633	0.179760719
1805	820.84	26.205	19.665	5.8	227.1446912	316.7441351	317.5690648	-0.072071757
1806	820.74	26.19	19.65	5.9	230.1946912	316.7393001	317.5630188	-0.015837397
1807	820.63	26.205	19.66	5.9	229.9946912	316.7673145	317.5923132	
1809	820.42	26.19	19.65	5.75	231.9920825	316.7746283	317.5987713	0.021294931
1810	820.31	26.18	19.65	5.7	233.2946912	316.7761936	317.6000063	0.020509734
1811	820.25	26.145	19.645	5.8	231.9446912	316.7457798	317.5677977	-0.09963743
1814	819.98	26.14666667	19.64	5.566666667	230.6940924	316.7773692	317.5996145	0.057024144
1816	819.78	26.11	19.63	5.6	229.7946912	316.7606595	317.58101	-0.985474986
1817	819.6766667	26.09	19.63	5.533333333	229.4645691	316.7509094	317.5704482	-0.071881989
1818	819.58	26.07	19.62	5.6	230.1946912	316.7404227	317.5587245	-0.077318508
1820	819.39	26.06	19.62	5.6	230.4946912	316.7508402	317.5689194	
1822	819.2	26.07	19.62	5.5	231.6946912	316.7824364	317.6012396	0.207074246
1823	819.165	26.05	19.615	5.55	230.8919885	316.7651332	317.5828275	-0.226817664
1824	819.07	26.02	19.62	5.6	230.8946912	316.7438782	317.5604879	-0.278647055
1826	818.8533333	25.99333333	19.60333333	5.6	230.0946973	316.7396099	317.5545528	-3.54695E+26
1829	818.5833333	26.04	19.60333333	5.466666667	227.3020088	316.8189022	317.6364042	0.438509728
1831	818.39	26.03	19.61	5.2	224.6946912	316.829716	317.647278	0.009967519
1832	818.295	26	19.585	5.5	226.8065139	316.8084643	317.6236931	-0.00773951
1833	818.19	25.99	19.59	5.4	227.1946912	316.809501	317.6246045	0.003398241
1835	818.0133333	25.92333333	19.56666667	6.166666667	225.5671306	316.7584592	317.5696883	-0.005693994
1837	817.825	25.92	19.555	5.8	223.05245	316.7757889	317.5866244	0.008451972
1839	817.64	25.87	19.545	5.65	221.2982311	316.7433223	317.5516424	-0.094631378
1840	817.525	25.87	19.535	5.5	220.4446912	316.7560649	317.5641215	0.0185706
1841	817.49	25.83	19.53	5.4	220.3946912	316.7175704	317.5235969	-0.126243203
1843	817.29	25.85	19.53	5.5	220.4946912	316.7609229	317.5681441	0.284331
1844	817.195	25.85	19.52	5.6	220.3946912	316.771454	317.5783858	0.034534674
1845	817.08	25.83	19.51	5.7	220.0946912	316.7630147	317.5687493	-0.027676834
1846	816.95	25.75	19.5	5.7	219.8946912	316.6926678	317.4944351	
1847	816.94	25.81	19.505	5.75	219.9955607	316.7573484	317.5621262	0.848538885
1848	816.805	25.785	19.49	5.8	220.7446912	316.7458304	317.549001	-0.151116425
1850	816.62	25.79	19.48	5.8	221.3946912	316.77165	317.5748812	
1851	816.565	25.77	19.47	5.8	222.0946912	316.7565586	317.5585193	
1852	816.43	25.71	19.47	5.9	222.0946912	316.7079543	317.5073068	-0.159462093
1853	816.34	25.75	19.47	6	221.7946912	316.7603302	317.5616538	0.171813138
1854	816.29	25.75	19.46	6	221.6946912	316.7658792	317.566856	
1855	816.12	25.71	19.47	6	221.0946912	316.7423555	317.5421089	
1856	816.08	25.71	19.47	6.2	220.4946912	316.7467956	317.5466007	0.003641792
1857	815.98	25.71	19.47	6.25	219.8474912	316.7578971	317.5578316	0.145687864
1858	815.86	25.69	19.46	5.85	218.4972553	316.7500224	317.548775	-0.00161483
1859	815.79	25.67	19.47	5.8	218.8946912	316.7365963	317.5349242	-0.176217565
1860	815.71	25.67	19.47	5.7	218.6946912	316.7454802	317.5439114	0.02915041
1861	815.62	25.59	19.47	6	219.7946912	316.6706743	317.4655273	-0.027280437
1862	815.53	25.65	19.47	5.9	219.1446912	316.744272	317.5420106	0.241509854
1863	815.44	25.63	19.47	6	219.8946912	316.7330681	317.5299986	-0.0367678
1864	815.35	25.61	19.47	6.05	220.1451044	316.7218643	317.5179874	-0.147079984
1865	815.24	25.59	19.475	6.1	220.7446912	316.7128828	317.5084292	-0.117914908
1867	815.06	25.59	19.47	6.1	222.1946912	316.7328851	317.5284591	
1868	814.95	25.59	19.47	6.25	222.0410911	316.7451116	317.5408273	0.017835132
1870	814.78	25.55	19.46	6.3	220.9915166	316.7215978	317.515281	-0.617486911
1871	814.68	25.51	19.45	6.2	221.8946912	316.6903013	317.4818667	-0.102747125
1872	814.62	25.55	19.46	6.2	221.5946912	316.7393879	317.5332768	
1873	814.47	25.45	19.45	6.35	222.9466597	316.6500253	317.4391088	-0.130417039
1875	814.34	25.51	19.44	6.4	222.9946912	316.7281114	317.5197059	2.050869504
1876	814.18	25.43	19.43	6.5	222.8946912	316.661067	317.4487951	-0.220167485
1877	814.07	25.45	19.415	6.6	223.7446912	316.6945158	317.4826903	0.109835343
1879	813.935	25.47	19.405	6.65	223.5473228	316.7307507	317.5196064	0.951806517
1881	813.71	25.43	19.41	6.1	223.7946912	316.7133667	317.5008839	-0.003774366
1883	813.59	25.39	19.41	6.3	223.3946912	316.684295	317.4701392	-0.047740737
1884	813.44	25.43	19.41	6.2	225.2946912	316.7434288	317.531291	0.194189651
1885	813.39	25.39	19.41	6.1	225.5946912	316.7065632	317.4926625	-0.121079198
1886	813.28	25.39	19.415	5.95	226.74175	316.7188137	317.5052559	0.017882234
1888	813.08	25.36	19.41	5.9	227.9946912	316.7092638	317.4943904	-0.250946351
1891	812.8366667	25.33333333	19.41666667	5.833333333	230.2558422	316.7080822	317.4925733	-0.026201127
1893	812.58	25.32	19.41	5.8	231.8946912	316.7225408	317.5064824	0.854965855
1894	812.515	25.32	19.4	5.7	232.8446912	316.7297871	317.5134076	0.023804989
1897	812.2666667	25.26666667	19.39333333	5.733333333	231.3667834	316.7008772	317.4821213	-2.564707029
1898	812.16	25.28	19.39	5.4	231.3946912	316.7269236	317.5087739	0.007701896
1900	811.94	25.28	19.39	5.4	231.5946912	316.7514655	317.5335953	
1901	811.8633333	25.22666667	19.38333333	5.466666667	232.2635931	316.7034108	317.4829507	-0.355307415
1903	811.68	25.2	19.37	5.6	233.6946912	316.6955613	317.4735911	-0.029021241
1904	811.58	25.16	19.37	5.6	233.7946912	316.6642601	317.44061	
1905	811.49	25.2	19.38	5.6	233.6946912	316.7167665	317.4954384	
1907	811.3	25.2	19.37	5.5	234.4946912	316.7379781	317.5164887	0.139420801
1908	811.26	25.16	19.37	5.6	235.2946912	316.6999786	317.4767326	-0.124899449
1909	811.15	25.16	19.36	5.8	234.7946912	316.712261	317.4887529	0.010092702
1910	811.02	25.12	19.35	5.75	234.7442564	316.6843099	317.4587625	-0.367536241
1913	810.745	25.09	19.35	5.85	235.6989648	316.6831724	317.4566218	-0.01121927
1914	810.67	25.12	19.35	5.8	236.6946912	316.7234075	317.4983013	0.52906115
1916	810.48	25.105	19.34	5.55	237.0433398	316.7287119	317.5027696	0.00558018
1918	810.3	25.09	19.34	5.4	237.0946912	316.7329026	317.5065124	0.012246748
1919	810.21	25.01	19.33	5.4	237.2946912	316.6580014	317.427736	
1920	810.12	25.01	19.34	5.3	237.1946912	316.6680622	317.4383079	0.03308519
1921	810.03	24.97	19.33	5.3	237.0946912	316.6356401	317.4038113	
1923	809.865	25.05	19.325	5.35	237.5414201	316.7390625	317.5108233	2.720491065
1925	809.64	24.99	19.315	5.3	237.451295	316.7004992	317.4694559	-1.014598564
1926	809.57	24.93	19.31	5.2	236.8946912	316.6445937	317.4107605	-0.183896034
1928	809.365	24.97	19.31	5.05	236.7471664	316.7100235	317.4782317	0.191285771
1929	809.25	24.93	19.3	5	235.6946912	316.6803987	317.4465682	-0.389792044
1930	809.2	24.93	19.31	5	234.4946912	316.6859949	317.4526238	
1931	809.06	24.93	19.3	5.1	234.0946912	316.7016666	317.4680734	0.05155052
1933	808.93	24.93	19.29	5	234.1946912	316.7162219	317.482394	0.095757225
1934	808.8066667	24.88333333	19.29333333	5	233.3700254	316.680447	317.4448273	
1935	808.7	24.89	19.29	4.9	232.6946912	316.6994769	317.4641547	0.062605478
1937	808.54	24.89	19.29	4.9	231.8946912	316.7173995	317.4822769	
1939	808.39	24.89	19.29	5	231.4946912	316.7342061	317.4992707	0.110582255
1940	808.245	24.86	19.295	5.2	233.2687335	316.7185729	317.4826818	-0.012858984
1941	808.19	24.86	19.28	5.6	240.8946912	316.7247371	317.4883205	0.001267587
1942	808.1	24.86	19.29	5.5	237.4946912	316.7348252	317.4989168	0.033191569
1944	807.93	24.82	19.28	5.65	247.6734398	316.7113685	317.4734996	-0.068610697
1945	807.83	24.74	19.28	5.4	254.3946912	316.6375459	317.3962593	-0.038877973
1947	807.64	24.74	19.275	5.05	254.4085553	316.6588486	317.4176006	0.011447825
1949	807.47	24.74	19.27	5	248.5946912	316.6779138	317.4366795	0.502023808
1950	807.355	24.78	19.265	5.1	240.6476048	316.7333385	317.4938191	0.182406316
1952	807.1766667	24.73	19.24666667	5.2	229.066021	316.7001912	317.45796	-0.218216583
1953	807.03	24.74	19.24	5.1	226.2946912	316.7272837	317.4854129	0.089175099
1954	806.97	24.74	19.23	4.8	216.9946912	316.7340186	317.4918281	0.002463121
1955	806.8833333	24.68333333	19.22666667	4.733333333	216.3935768	316.6834949	317.4387834	-0.374244246
1956	806.7733333	24.68	19.22333333	4.866666667	214.0850847	316.6922988	317.4474456	0.016303567
1958	806.62	24.63	19.23	5.2	216.6946912	316.6563457	317.4097459	-0.021309051
1959	806.53	24.63	19.23	5.3	217.7946912	316.6664512	317.4199623	0.033274664
1960	806.39	24.67	19.23	5.3	217.5946912	316.7247129	317.4801549	
1961	806.335	24.61	19.23	5.2	217.7946912	316.6670815	317.4199549	-0.189776714
1962	806.24	24.59	19.23	5.2	217.7946912	316.656482	317.4085953	
1963	806.15	24.63	19.23	5.05	217.2521174	316.709135	317.4631144	0.077054024
1964	806.03	24.63	19.23	4.9	215.3946912	316.7226194	317.4767469	0.019733578
1965	805.97	24.59	19.23	4.7	215.1946912	316.6868172	317.4392627	-0.029475626
1966	805.88	24.55	19.22	4.8	215.8946912	316.6543851	317.4047985	-0.106818589
1967	805.79	24.55	19.21	4.9	215.5946912	316.6644998	317.4146333	0.03331396
1968	805.675	24.57	19.205	5.1	214.9397892	316.6987015	317.4496558	0.028159816
1969	805.6	24.57	19.2	5.3	215.3446912	316.7071335	317.4579845	0.006942465
1970	805.52	24.59	19.2	5.2	217.0946912	316.737405	317.4892301	0.099688809
1971	805.41	24.57	19.2	5.15	218.8403222	316.7284997	317.4795842	-0.11731454
1973	805.2433333	24.54	19.19	5.233333333	220.1946912	316.7153297	317.4649159	-0.124929495
1974	805.14	24.59	19.19	5.2	219.8946912	316.7801519	317.5320531	1.921230698
1975	805.05	24.52	19.19	5.2	219.3946912	316.7158011	317.4647509	
1976	804.9466667	24.52666667	19.18	5.233333333	219.0297229	316.7345223	317.4834996	0.554985649
1977	804.83	24.55	19.18	5.3	219.9946912	316.7724809	317.522621	0.281296132
1978	804.74	24.55	19.18	5.4	219.9946912	316.7826126	317.5328634	0.033369866
1979	804.7	24.52	19.18	5.4	219.6946912	316.7551926	317.5041814	
1980	804.61	24.52	19.18	5.4	220.0946912	316.7653254	317.5144247	
1981	804.4866667	24.50666667	19.17	5.4	219.7280246	316.7650244	317.5133025	-1.25707E+25
1982	804.39	24.52	19.17	5.4	220.3446912	316.7901007	317.5390794	
1983	804.32	24.48	19.17	5.5	220.5946912	316.7554151	317.5027347	-0.114267473
1984	804.24	24.48	19.17	5.5	220.2946912	316.7644262	317.5118439	
1985	804.12	24.425	19.17	5.5	221.0946912	316.7194066	317.4645771	
1986	804.05	24.48	19.17	5.5	221.3946912	316.7858323	317.5334828	
1987	803.96	24.41	19.17	5.5	221.7946912	316.7214666	317.4661807	
1988	803.845	24.445	19.165	5.6	222.4509413	316.7716806	317.5178627	0.165443406
1990	803.69	24.44	19.16	5.7	222.7280245	316.783829	317.5297886	0.080053872
1992	803.46	24.425	19.16	5.7	222.2446912	316.793793	317.5393815	
1994	803.33	24.35	19.16	5.7	221.8446912	316.7286066	317.471098	
1995	803.19	24.41	19.15	5.6	221.7946912	316.8082761	317.5531537	0.262523347
1996	803.125	24.37	19.155	5.6	221.9946912	316.7730203	317.5164349	
1997	802.99	24.33	19.15	5.6	222.1946912	316.7456605	317.4873126	
1998	802.95	24.33	19.15	5.6	222.1946912	316.7501733	317.4918741	
1999	802.845	24.37	19.15	5.65	222.3955761	316.8046133	317.5481756	0.717649701
2000	802.77	24.29	19.14	5.7	222.9946912	316.7278903	317.4676937	-1.011663806
2001	802.63	24.29	19.15	5.6	223.2946912	316.7436896	317.4840497	0.052082116
2002	802.54	24.26	19.145	5.6	223.0446912	316.7219002	317.4608811	
2003	802.45	24.33	19.14	5.65	222.7955761	316.8066069	317.5485294	1.116786904
2005	802.32	24.255	19.14	5.6	222.6946912	316.7414108	317.48025	-1.719544778
2006	802.18	24.29	19.14	5.7	222.6946912	316.7944971	317.5350178	0.174998018
2007	802.13	24.29	19.14	5.6	222.8946912	316.8001447	317.5407262	0.018617009
2009	801.935	24.22	19.14	5.7	222.2946912	316.747613	317.4854105	-0.346420711
2010	801.82	24.22	19.13	5.8	221.8946912	316.760605	317.4981564	0.042837987
2012	801.645	24.2	19.13	5.75	222.192952	316.7590745	317.495977	-0.040373669
2013	801.57	24.22	19.13	5.7	222.6446912	316.7888569	317.5267116	0.39280087
2014	801.45	24.185	19.13	5.7	223.2946912	316.7651348	317.5016281	
2015	801.35	24.22	19.13	5.7	223.3946912	316.8137279	317.5518496	
2017	801.14	24.18	19.13	5.7	223.2946912	316.794858	317.5315118	
2018	801.09	24.18	19.13	5.7	224.1946912	316.8005131	317.5372275	
2020	800.91	24.075	19.13	5.7	224.3446912	316.7089908	317.4414166	
2021	800.82	24.09	19.13	5.7	224.3446912	316.7351543	317.468331	
2023	800.635	24.07	19.13	5.6	225.1946912	316.7347708	317.4673141	-0.00253031
2024	800.54	24.11	19.13	5.7	225.6946912	316.788148	317.5225203	0.176063274
2025	800.47	24.055	19.12	5.75	225.4946912	316.7374562	317.4691737	-0.668946025
2027	800.22	24.11	19.12	5.8	225.2946912	316.8243734	317.5587487	2.29355456
2028	800.13	24.075	19.12	5.8	224.8946912	316.7972604	317.530244	
2029	800.04	24.02	19.12	5.8	224.3946912	316.7488288	317.4795682	
2031	799.91	24.04	19.12	5.7	223.8946912	316.7848692	317.5166201	0.237812692
2032	799.77	24	19.12	5.6	223.6280245	316.7580883	317.4882986	-0.08836865
2034	799.64	23.96	19.12	5.5	223.6946912	316.730174	317.4588345	-0.184242693
2035	799.57	23.96	19.11	5.5	223.7946912	316.7381042	317.4664676	
2036	799.45	24	19.12	5.5	223.7946912	316.7943452	317.5249407	
2037	799.35	23.93	19.11	5.6	223.7946912	316.731049	317.4583995	-0.208907526
2038	799.26	23.93	19.11	5.5	223.7946912	316.7412489	317.4687073	0.033664333
2039	799.19	23.96	19.12	5.6	223.7946912	316.7811693	317.5103706	0.131743246
2040	799.03	24	19.11	5.6	223.5946912	316.8419607	317.5726799	
2041	799	23.89	19.11	5.6	223.6946912	316.7280721	317.4541418	
2042	798.8933333	23.90333333	19.11	5.566666667	223.9270265	316.7543839	317.4811479	0.781641403
2044	798.72	23.93	19.11	5.6	224.4946912	316.802479	317.5305855	2.857258257
2045	798.63	23.85	19.11	5.5	224.6946912	316.7273754	317.4521902	-0.247944165
2046	798.51	23.87	19.11	5.5	224.2446912	316.7623172	317.4881242	
2047	798.4	23.89	19.11	5.5	223.8946912	316.7961282	317.5229169	
2048	798.31	23.835	19.11	5.5	223.7946912	316.7476824	317.4722438	
2050	798.13	23.82	19.11	5.5	223.3946912	316.752112	317.4762528	
2051	798.07	23.82	19.11	5.4	223.2946912	316.7589226	317.4831351	0.02248647
2052	797.99	23.85	19.11	5.5	223.0946912	316.8000044	317.5255852	0.13562593
2053	797.895	23.765	19.11	5.4	223.8946912	316.7201219	317.4422156	-0.26379651
2054	797.81	23.78	19.11	5.3	223.8946912	316.7457733	317.4686027	0.08470449
2056	797.62	23.765	19.11	5.45	224.2956086	316.7513484	317.4737701	0.016365206
2057	797.495	23.765	19.11	5.4	224.9946912	316.7655469	317.4881178	0.187550661
2058	797.405	23.745	19.11	5.4	225.0946912	316.7544336	317.4762663	
2060	797.21	23.71	19.11	5.5	225.0946912	316.7392471	317.4598344	-0.100318975
2061	797.12	23.75	19.11	5.4	225.0946912	316.7921546	317.5145388	0.174725575
2062	797.045	23.71	19.11	5.45	225.2442325	316.7579984	317.4787822	-0.451261457
2063	796.98	23.71	19.11	5.5	225.3946912	316.765387	317.4862483	0.097616667
2065	796.77	23.675	19.11	5.5	225.3946912	316.7519124	317.4715475	
2066	796.69	23.64	19.11	5.5	225.2946912	316.7236583	317.4419148	
2067	796.57	23.71	19.11	5.5	225.4946912	316.8120083	317.5333583	
2068	796.49	23.655	19.105	5.6	225.4446912	316.7624104	317.4813478	-0.16384818
2069	796.38	23.6	19.1	5.5	225.0946912	316.7162226	317.4327903	-0.15261108
2070	796.295	23.6	19.1	5.45	224.9946912	316.7258912	317.4425597	0.127786105
2071	796.2	23.64	19.1	5.4	224.8946912	316.779393	317.4978556	0.707014545
2072	796.1	23.6	19.1	5.4	224.8946912	316.7480772	317.4649769	
2073	796.01	23.57	19.1	5.4	224.9946912	316.7262965	317.4420438	
2074	795.97	23.57	19.1	5.4	224.7946912	316.7308485	317.4466432	
2075	795.84	23.57	19.1	5.4	224.6946912	316.7456447	317.4615933	
2077	795.705	23.585	19.1	5.35	224.6451585	316.7770263	317.4937647	0.829558308
2078	795.56	23.53	19.1	5.3	224.2946912	316.73482	317.4494235	-0.557955346
2079	795.49	23.53	19.1	5.35	224.1442239	316.742791	317.4574773	0.105374306
2080	795.4	23.55	19.1	5.5	223.9946912	316.774394	317.4900252	0.046417153
2082	795.2	23.57	19.1	5.4	223.9946912	316.8185326	317.5352403	0.291709709
2083	795.14	23.49	19.1	5.45	223.7451499	316.739949	317.4533751	-1.038990534
2085	794.955	23.46	19.1	5.4	223.3446912	316.7289937	317.4413845	-0.289718423
2086	794.87	23.46	19.1	5.3	223.3946912	316.73868	317.4511711	0.032019987
2087	794.79	23.42	19.1	5.3	223.5946912	316.7050821	317.4159983	
2088	794.68	23.46	19.1	5.3	223.4946912	316.7603367	317.4730522	
2089	794.59	23.42	19.1	5.3	223.3946912	316.7278786	317.4390305	
2090	794.48	23.46	19.1	5.3	223.3946912	316.7831404	317.4960922	
2092	794.34	23.39	19.1	5.3	223.1946912	316.7243427	317.4345387	
2093	794.23	23.46	19.1	5.3	223.1946912	316.8116553	317.5249027	
2094	794.14	23.39	19.105	5.25	223.0461198	316.7471535	317.4577711	-0.853096029
2095	794.05	23.42	19.11	5.2	222.8946912	316.7894662	317.5016277	0.559567027
2096	793.96	23.385	19.11	5.2	222.7946912	316.7623486	317.4731558	
2098	793.73	23.35	19.11	5.2	222.4946912	316.7512068	317.460827	
2099	793.69	23.35	19.11	5.2	222.4946912	316.7557723	317.4654396	
2100	793.6	23.39	19.11	5.1	222.5946912	316.8087797	317.5202203	0.175268081
2102	793.42	23.32	19.11	5.1	222.3446912	316.7545444	317.4632811	
2103	793.29	23.315	19.11	5.1	222.7446912	316.7640466	317.4727284	
2105	793.13	23.35	19.11	5.1	223.0946912	316.81972	317.5300472	
2106	793.02	23.28	19.11	5.2	223.1446912	316.7574878	317.4650326	-0.20584591
2107	792.95	23.25	19.11	5.2	223.3946912	316.7334268	317.4398091	
2109	792.79	23.28	19.11	5.2	223.6946912	316.783767	317.4915822	
2110	792.675	23.23	19.11	5.1	223.9446912	316.7434752	317.449351	-0.133296013
2112	792.49	23.245	19.11	5.05	223.8946912	316.7806531	317.4873679	0.983905329
2113	792.4	23.28	19.11	5.1	223.9946912	316.8283506	317.5366246	0.631078072
2115	792.22	23.19	19.12	5.1	223.5946912	316.7527376	317.4578591	
2116	792.12	23.17	19.12	5.1	223.0946912	316.7427953	317.4472063	
2118	791.98	23.17	19.12	5.15	223.0956621	316.7588078	317.4633827	0.423874641
2119	791.89	23.14	19.12	5.1	223.0946912	316.7370331	317.4404731	-0.288232553
2120	791.76	23.21	19.12	5.1	222.8946912	316.82674	317.5332301	
2121	791.69	23.155	19.12	4.95	222.3451962	316.7759519	317.4802461	-0.074694676
2122	791.62	23.12	19.12	5	221.8946912	316.7465438	317.4494735	-0.38930465
2123	791.47	23.07	19.12	5.1	222.0946912	316.7102526	317.4112956	-0.120125708
2124	791.44	23.1	19.12	5.1	222.0946912	316.7457615	317.4480762	
2125	791.3	23.1	19.12	5.2	222.3946912	316.7617879	317.4642662	0.05304288
2126	791.26	23.07	19.12	5.2	222.4946912	316.73429	317.4355779	
2127	791.1533333	23.08	19.12333333	5.2	221.8280243	316.7571955	317.4591425	
2129	790.95	23.1	19.13	5.3	221.4946912	316.8018699	317.5051251	0.295719271
2130	790.85	23.03	19.13	5.25	221.3946912	316.7384672	317.4389526	-0.839577616
2131	790.72	23.03	19.14	5.3	221.3946912	316.7533596	317.4543628	0.197203837
2132	790.685	23.05	19.135	5.25	221.344215	316.778759	317.4804441	0.336316368
2133	790.58	23	19.14	5.4	222.0946912	316.7373155	317.437247	-0.060983396
2134	790.52	23	19.14	5.3	221.3946912	316.7441908	317.4441922	0.022762987
2135	790.43	23.015	19.145	5.45	222.1442325	316.7705486	317.4714555	0.038783102
2136	790.34	23	19.15	5.6	222.1946912	316.7648207	317.4653979	-0.008428491
2137	790.255	23	19.15	5.6	221.9446912	316.7745647	317.4752411	
2138	790.12	22.98	19.155	5.6	221.7446912	316.7686494	317.4688427	
2139	790.02	22.96	19.16	5.7	221.5946912	316.7587217	317.4583915	-0.032873225
2140	789.935	22.945	19.16	5.65	221.7938062	316.7524231	317.4515752	-0.083430082
2141	789.83	22.93	19.16	5.6	222.0946912	316.7484185	317.4470765	-0.053046651
2142	789.75	22.93	19.16	5.5	222.9946912	316.7575948	317.4563459	0.030388209
2143	789.66	22.93	19.15	5.6	222.4946912	316.7679195	317.4664107	0.034191467
2144	789.61	22.93	19.16	5.6	223.0420126	316.7736561	317.4725703	
2145	789.52	22.89	19.16	5.7	223.0946912	316.7411861	317.438563	-0.10754275
2146	789.39	22.89	19.16	5.7	223.5946912	316.7561036	317.4536317	
2147	789.33	22.89	19.16	5.7	223.7946912	316.7629897	317.4605875	
2149	789.125	22.86	19.16	5.7	224.5446912	316.7544198	317.4510261	
2150	789.06	22.86	19.16	5.7	224.3946912	316.7618822	317.458564	
2151	788.975	22.845	19.16	5.6	224.5446912	316.7555899	317.4517559	-0.020843697
2152	788.87	22.83	19.17	5.6	224.2946912	316.7515946	317.4476316	
2154	788.6666667	22.82666667	19.17	5.566666667	223.4958885	316.771381	317.4675176	1.179861337
2155	788.6	22.79	19.17	5.5	223.3946912	316.7397959	317.4345097	-0.235456303
2156	788.47	22.79	19.17	5.5	223.0946912	316.7547307	317.4495953	
2157	788.38	22.79	19.17	5.5	223.1946912	316.7650721	317.4600411	
2158	788.3	22.775	19.17	5.55	223.7478444	316.75821	317.4526586	-0.090946624
2159	788.2	22.76	19.17	5.6	224.4946912	316.7536462	317.447598	-0.060487993
2160	788.145	22.76	19.17	5.6	223.9446912	316.7599679	317.4539834	
2161	788.06	22.72	19.18	5.6	223.6946912	316.7269192	317.4197622	
2162	787.95	22.76	19.18	5.6	223.7946912	316.7823858	317.4769894	
2163	787.88	22.72	19.18	5.6	223.8946912	316.7476124	317.4406638	
2164	787.76	22.72	19.18	5.65	223.9955761	316.7614113	317.4546016	0.18291684
2165	787.65	22.72	19.18	5.6	224.1946912	316.7740626	317.4673803	0.167703105
2167	787.475	22.705	19.19	5.45	224.4414801	316.7781335	317.4714031	0.011992428
2168	787.385	22.69	19.19	5.45	225.7460673	316.7724275	317.4651894	
2169	787.295	22.65	19.19	5.6	224.8946912	316.7399521	317.4311884	-0.047843512
2171	787.14	22.65	19.19	5.6	224.6446912	316.7577888	317.4492043	
2172	787.05	22.65	19.19	5.6	224.0946912	316.7681478	317.4596673	
2173	786.95	22.62	19.2	5.6	224.1946912	316.7475318	317.4383058	
2174	786.82	22.62	19.19	5.6	224.2946912	316.7624983	317.4530627	
2176	786.6825	22.61	19.1975	5.525	224.8150524	316.7676214	317.4582077	0.060387479
2177	786.565	22.615	19.205	5.45	225.4919389	316.7865099	317.4777053	0.111320848
2179	786.37	22.58	19.22	5.6	224.5946912	316.7714841	317.4620201	-0.044282977
2180	786.31	22.58	19.21	5.6	224.6946912	316.778397	317.468643	
2181	786.225	22.55	19.22	5.6	224.1946912	316.7560553	317.4455392	
2182	786.12	22.55	19.22	5.6	223.4946912	316.7681547	317.4577599	
2183	786.08	22.58	19.22	5.7	223.0946912	316.8049026	317.4957738	0.121838671
2184	785.99	22.565	19.22	5.65	222.6398238	316.7992075	317.4895726	-0.075531974
2185	785.84	22.55	19.22	5.7	222.5946912	316.8004305	317.490359	0.016220277
2186	785.76	22.52	19.22	5.8	222.3946912	316.7775132	317.4663154	-0.075998503
2187	785.67	22.52	19.22	5.8	222.3946912	316.787891	317.4767971	
2188	785.58	22.52	19.23	5.7	222.6946912	316.7982703	317.4876387	0.034419964
2189	785.495	22.515	19.225	5.6	223.2946912	316.8027169	317.4918012	0.014746183
2190	785.41	22.48	19.23	5.5	224.2946912	316.7750188	317.46296	-0.091864964
2191	785.31	22.48	19.23	5.4	224.1946912	316.7865549	317.4746113	0.038260998
2193	785.165	22.535	19.235	5.4	224.5946912	316.8622246	317.5528621	
2194	785.045	22.45	19.235	5.3	224.7446912	316.7849845	317.472309	-0.256204842
2196	784.88	22.45	19.23	5.3	224.6946912	316.8040293	317.4913653	
2198	784.71	22.42333333	19.24	5.366666667	224.4934492	316.7950754	317.4818842	-0.133662606
2199	784.61	22.45	19.25	5.5	224.6946912	316.8352048	317.5235672	0.074873778
2200	784.505	22.395	19.25	5.6	224.8946912	316.7883789	317.4746336	-0.155349917
2201	784.4	22.38	19.25	5.45	224.7946912	316.7844276	317.4701963	-0.005826529
2202	784.31	22.35	19.25	5.5	223.9946912	316.7626649	317.4473247	-0.288843469
2205	784.04	22.34333333	19.25333333	5.566666667	222.3318163	316.786712	317.4715313	0.538600303
2206	783.945	22.33	19.26	5.55	221.8955921	316.783396	317.4680229	-0.396134929
2207	783.86	22.31	19.27	5.55	221.4928894	316.7717776	317.4560499	
2208	783.75	22.31	19.27	5.5	221.6946912	316.7844922	317.4688909	0.168777469
2209	783.66	22.28	19.27	5.6	223.4946912	316.7627306	317.4460223	-0.072224655
2210	783.6	22.28	19.27	5.7	225.1946912	316.7696672	317.4530277	0.023021787
2211	783.51	22.24	19.27	5.8	226.2946912	316.7371826	317.4190351	-0.107827577
2212	783.42	22.28	19.27	5.9	226.6946912	316.790481	317.474048	0.176891949
2213	783.33	22.24	19.28	5.8	226.4946912	316.7579967	317.4404092	-0.107826725
2214	783.23	22.24	19.28	5.7	226.0946912	316.7695627	317.4520898	0.038391692
2215	783.16	22.24	19.28	5.6	224.8071918	316.7776601	317.4602675	0.026877935
2216	783.06	22.24	19.28	5.5	224.1056007	316.7892295	317.4719515	0.038402915
2218	782.92	22.21	19.28	5.35	222.6965604	316.7732545	317.4549291	-0.047139388
2219	782.82	22.21	19.29	5.3	222.2946912	316.7848272	317.46697	0.153670194
2220	782.71	22.21	19.29	5.3	222.4946912	316.7975593	317.4798282	
2221	782.61	22.19	19.29	5.333333333	222.9946912	316.7876837	317.4692621	-0.295075116
2222	782.53	22.18	19.295	5.45	223.0956086	316.7862191	317.4676635	-0.003572393
2223	782.4	22.14	19.3	5.6	222.3446912	316.7583639	317.4385257	-0.041107747
2225	782.28	22.16	19.3	5.6	222.1446912	316.7937149	317.4748177	
2226	782.13	22.11	19.3	5.7	222.0946912	316.7574494	317.4367157	-0.120430486
2227	782.1	22.11	19.31	5.5	221.7946912	316.7609244	317.4405768	0.002884893
2228	782	22.125	19.305	5.5	221.7456003	316.7886015	317.4687946	
2229	781.88	22.075	19.31	5.5	221.6946912	316.7488608	317.4273607	
2230	781.77	22.07	19.31	5.5	221.8946912	316.7562419	317.4346671	
2231	781.665	22.06	19.31	5.5	222.8446912	316.7576805	317.4358248	
2233	781.54	22.05333333	19.31333333	5.6	223.4268341	316.7650156	317.4431525	0.048726017
2234	781.45	22.04	19.32	5.7	223.7946912	316.7611413	317.4390809	-0.012868699
2235	781.3	22.04	19.32	5.75	223.8468651	316.778533	317.4566437	0.231072536
2236	781.22	22.01	19.32	5.7	222.4946912	316.7556154	317.4326164	-0.304523632
2237	781.125	21.97	19.325	5.6	221.6946912	316.7237045	317.39939	-0.106020022
2238	781.03	21.98	19.33	5.6	221.9946912	316.7454544	317.4218225	
2239	781	21.97	19.32	5.6	222.4946912	316.7382016	317.4138544	
2240	780.89	21.96	19.335	5.7	222.8446912	316.740229	317.4161321	0.006736088
2242	780.71	21.94	19.33	5.8	223.5946912	316.7396454	317.41478	-0.003878728
2243	780.63	21.94	19.33	5.8	223.6946912	316.7489285	317.4241541	
2244	780.5366667	21.92	19.34	5.666666667	224.0276324	316.7382917	317.4131745	-0.019881891
2245	780.48	21.91	19.34	5.5	224.1946912	316.7341341	317.4086824	-0.004973735
2246	780.37	21.91	19.345	5.6	224.6946912	316.7469024	317.4217502	0.042429744
2247	780.3	21.91	19.35	5.6	224.7946912	316.7550288	317.4301307	
2248	780.15	21.88	19.35	5.6	224.8946912	316.7402382	317.414314	
2250	779.9925	21.8675	19.3575	5.65	226.0699125	316.7451081	317.4191259	0.129483349
2252	779.8	21.84	19.36	5.75	224.9981695	316.7379415	317.4111694	-0.047641813
2254	779.65	21.84	19.36	5.6	223.8946912	316.7553687	317.4287669	0.051489217
2255	779.55	21.825	19.355	5.5	224.2874183	316.7508818	317.4236226	-0.014914478
2257	779.35	21.81	19.36	5.533333333	225.4621621	316.7580191	317.4305637	0.427061045
2258	779.28	21.77	19.37	5.7	224.9946912	316.7231992	317.3945801	-0.041674809
2259	779.1733333	21.76666667	19.37333333	5.533333333	226.0379994	316.7320191	317.403504	0.01055642
2260	779.1	21.74	19.375	5.45	227.4029487	316.7119054	317.3824722	-0.096304019
2261	779.04	21.74	19.37	5.5	225.5946912	316.7188814	317.3893431	0.092780792
