-83.93	-7.58	2.10	0.883	0.105	0.141	0.091	-0.00461	0.142	0.181	2.824	3.784
-83.93	-7.58	2.25	0.905	0.098	0.138	0.089	-0.00466	0.031	0.138	2.884	3.805
-83.93	-7.58	2.40	0.911	0.106	0.145	0.090	-0.00498	0.129	0.069	2.803	3.624
-83.93	-7.58	2.55	0.917	0.111	0.145	0.093	-0.00474	0.149	0.107	2.890	3.588
-83.93	-7.58	2.70	0.921	0.104	0.141	0.090	-0.00455	0.180	0.109	2.921	3.531
-83.93	-7.58	2.85	0.921	0.104	0.148	0.092	-0.00458	0.187	0.108	2.929	3.509
-83.93	-7.58	3.00	0.928	0.103	0.146	0.091	-0.00461	0.121	0.150	2.806	3.666
-83.93	-7.58	3.15	0.931	0.106	0.144	0.094	-0.00497	0.122	0.125	2.909	3.417
-83.93	-7.58	3.38	0.940	0.104	0.147	0.094	-0.00461	0.119	0.110	2.850	3.515
-83.93	-7.58	3.60	0.945	0.100	0.150	0.093	-0.00485	0.111	0.069	2.796	3.480
-83.93	-7.58	3.83	0.967	0.100	0.147	0.094	-0.00468	0.069	0.125	2.766	3.418
-83.93	-7.58	4.05	0.951	0.098	0.146	0.094	-0.00500	0.119	0.134	2.798	3.622
-83.93	-7.58	4.28	0.972	0.096	0.151	0.095	-0.00483	0.034	0.113	2.719	3.538
-83.93	-7.58	4.50	0.967	0.098	0.152	0.095	-0.00481	0.154	0.181	2.792	3.485
-83.93	-7.58	4.88	0.981	0.092	0.147	0.093	-0.00454	-0.033	0.136	2.722	3.399
-83.93	-7.58	5.25	0.987	0.094	0.150	0.096	-0.00491	0.047	0.159	2.720	3.536
-83.93	-7.58	5.63	0.990	0.089	0.151	0.094	-0.00477	0.070	0.170	2.691	3.406
-83.93	-7.58	6.00	1.005	0.086	0.152	0.094	-0.00489	-0.045	0.231	2.744	3.587
-83.93	-7.58	7.50	1.039	0.078	0.150	0.098	-0.00506	-0.060	0.158	2.756	3.812
-83.93	-7.58	9.00	1.047	0.066	0.148	0.095	-0.00438	-0.103	0.089	2.697	3.603
-83.93	-7.58	10.50	1.061	0.063	0.146	0.095	-0.00489	-0.104	0.139	2.807	3.517
-83.93	-7.58	12.00	1.092	0.058	0.142	0.096	-0.00463	-0.100	0.132	2.809	3.392
-83.93	-7.58	13.50	1.097	0.053	0.140	0.098	-0.00446	-0.119	0.180	2.874	3.477
-75.83	-7.58	0.45	0.597	0.024	0.253	0.130	-0.00460	-0.839	-0.203	4.234	4.718
-75.83	-7.58	0.68	0.615	0.026	0.257	0.142	-0.00442	-0.913	-0.216	4.289	4.536
-75.83	-7.58	0.90	0.647	0.025	0.250	0.146	-0.00567	-0.933	-0.170	4.598	4.354
-75.83	-7.58	1.13	0.692	0.028	0.247	0.143	-0.00592	-0.981	-0.161	4.840	4.571
-75.83	-7.58	1.35	0.722	0.029	0.247	0.144	-0.00685	-1.123	-0.035	5.329	4.763
-75.83	-7.58	1.58	0.758	0.030	0.234	0.138	-0.00630	-1.234	-0.043	6.072	4.818
-75.83	-7.58	1.80	0.790	0.031	0.232	0.135	-0.00689	-1.287	0.053	6.412	5.052
-75.83	-7.58	1.95	0.797	0.030	0.218	0.133	-0.00591	-1.185	-0.036	6.304	5.237
-75.83	-7.58	2.10	0.811	0.030	0.221	0.132	-0.00631	-1.275	0.074	6.485	5.342
-75.83	-7.58	2.25	0.832	0.029	0.207	0.128	-0.00574	-1.221	0.060	6.827	5.288
-75.83	-7.58	2.40	0.846	0.026	0.208	0.124	-0.00597	-1.142	0.161	6.619	5.525
-75.83	-7.58	2.55	0.861	0.027	0.210	0.126	-0.00602	-1.366	0.152	7.584	5.541
-75.83	-7.58	2.70	0.881	0.027	0.196	0.120	-0.00610	-1.268	0.166	7.483	5.731
-75.83	-7.58	2.85	0.886	0.026	0.190	0.116	-0.00572	-1.023	0.278	6.673	5.564
-75.83	-7.58	3.00	0.900	0.026	0.187	0.116	-0.00584	-1.063	0.303	7.024	5.987
-75.83	-7.58	3.15	0.911	0.027	0.179	0.111	-0.00538	-1.028	0.319	7.167	5.658
-75.83	-7.58	3.38	0.918	0.026	0.175	0.110	-0.00527	-0.922	0.404	6.405	5.610
-75.83	-7.58	3.60	0.922	0.030	0.170	0.105	-0.00518	-0.731	0.478	6.316	5.498
-75.83	-7.58	3.83	0.935	0.030	0.164	0.102	-0.00474	-0.425	0.418	5.143	5.165
-75.83	-7.58	4.05	0.946	0.028	0.164	0.101	-0.00503	-0.520	0.475	5.523	5.247
-75.83	-7.58	4.28	0.963	0.031	0.156	0.098	-0.00449	-0.325	0.412	4.312	4.766
-75.83	-7.58	4.50	0.966	0.032	0.158	0.098	-0.00461	-0.369	0.431	4.679	4.777
-75.83	-7.58	4.88	0.984	0.033	0.153	0.097	-0.00482	-0.124	0.334	3.416	4.237
-75.83	-7.58	5.25	0.983	0.031	0.152	0.094	-0.00426	-0.133	0.294	3.493	3.963
-75.83	-7.58	5.63	0.990	0.033	0.146	0.095	-0.00429	-0.011	0.312	2.908	4.008
-75.83	-7.58	6.00	0.990	0.032	0.150	0.095	-0.00443	-0.033	0.190	3.093	3.661
-75.83	-7.58	7.50	1.032	0.035	0.151	0.096	-0.00465	-0.039	0.153	2.721	3.491
-75.83	-7.58	9.00	1.061	0.035	0.148	0.098	-0.00488	-0.063	0.103	2.807	3.486
-75.83	-7.58	10.50	1.094	0.033	0.146	0.098	-0.00473	-0.124	0.104	2.852	3.384
-75.83	-7.58	12.00	1.103	0.037	0.143	0.097	-0.00460	-0.102	0.083	2.790	3.323
-75.83	-7.58	13.50	1.127	0.029	0.140	0.102	-0.00464	-0.108	0.091	2.937	3.667
-75.83	2.85	0.45	-0.118	0.028	0.240	0.214	-0.00302	0.340	-0.257	3.974	3.506
-75.83	2.85	0.68	-0.089	0.022	0.246	0.245	-0.00839	0.237	-0.285	3.112	3.107
-75.83	2.85	0.90	-0.070	0.002	0.257	0.266	-0.01353	0.259	-0.230	3.278	2.789
-75.83	2.85	1.13	-0.050	-0.011	0.265	0.283	-0.01893	0.233	-0.184	3.502	2.737
-75.83	2.85	1.35	-0.035	-0.020	0.271	0.287	-0.02459	0.215	-0.113	3.006	2.616
-75.83	2.85	1.58	-0.014	-0.041	0.274	0.295	-0.02792	0.230	-0.056	2.947	2.640
-75.83	2.85	1.80	0.020	-0.052	0.289	0.303	-0.03421	0.257	0.029	2.902	2.568
-75.83	2.85	1.95	0.029	-0.060	0.296	0.300	-0.03814	0.238	-0.022	2.866	2.447
-75.83	2.85	2.10	0.066	-0.073	0.310	0.305	-0.04117	0.232	0.093	2.776	2.576
-75.83	2.85	2.25	0.093	-0.079	0.314	0.304	-0.04349	0.219	0.146	2.809	2.595
-75.83	2.85	2.40	0.107	-0.083	0.319	0.298	-0.04436	0.221	0.130	2.729	2.549
-75.83	2.85	2.55	0.147	-0.091	0.326	0.302	-0.04738	0.165	0.175	2.618	2.533
-75.83	2.85	2.70	0.187	-0.102	0.341	0.302	-0.05114	0.092	0.251	2.524	2.544
-75.83	2.85	2.85	0.228	-0.102	0.351	0.297	-0.05224	0.006	0.298	2.559	2.620
-75.83	2.85	3.00	0.259	-0.093	0.356	0.300	-0.05512	0.036	0.283	2.495	2.604
-75.83	2.85	3.15	0.312	-0.109	0.356	0.289	-0.05075	-0.053	0.399	2.549	2.829
-75.83	2.85	3.38	0.364	-0.110	0.367	0.283	-0.05172	-0.167	0.446	2.493	2.896
-75.83	2.85	3.60	0.446	-0.103	0.362	0.267	-0.04655	-0.267	0.523	2.599	3.079
-75.83	2.85	3.83	0.518	-0.102	0.363	0.261	-0.04517	-0.398	0.563	2.702	3.326
-75.83	2.85	4.05	0.565	-0.092	0.348	0.245	-0.04030	-0.497	0.625	2.961	3.572
-75.83	2.85	4.28	0.641	-0.083	0.336	0.232	-0.03499	-0.583	0.734	3.158	3.883
-75.83	2.85	4.50	0.714	-0.074	0.326	0.217	-0.03010	-0.691	0.763	3.386	4.274
-75.83	2.85	4.88	0.799	-0.055	0.290	0.197	-0.02367	-0.885	0.868	4.203	4.814
-75.83	2.85	5.25	0.872	-0.034	0.265	0.176	-0.01824	-0.896	0.942	4.603	5.298
-75.83	2.85	5.63	0.934	-0.015	0.234	0.158	-0.01350	-0.948	1.094	5.554	6.336
-75.83	2.85	6.00	0.967	-0.007	0.199	0.137	-0.00878	-0.745	1.124	5.534	7.519
-75.83	2.85	7.50	1.033	0.021	0.155	0.102	-0.00435	-0.150	0.440	4.369	6.690
-75.83	2.85	9.00	1.056	0.029	0.154	0.097	-0.00468	-0.100	0.019	3.331	5.319
-75.83	2.85	10.50	1.081	0.028	0.147	0.098	-0.00480	-0.100	0.011	3.063	6.430
-75.83	2.85	12.00	1.106	0.033	0.147	0.100	-0.00492	-0.179	0.004	4.774	6.294
-75.83	2.85	13.50	1.107	0.028	0.139	0.102	-0.00459	-0.187	-0.083	4.550	6.199
-52.43	-6.30	2.10	0.666	0.074	0.217	0.172	-0.01448	-0.091	0.283	3.241	3.765
-52.43	-6.30	2.25	0.666	0.068	0.214	0.170	-0.01331	-0.025	0.247	2.889	3.866
-52.43	-6.30	2.40	0.681	0.070	0.218	0.169	-0.01388	-0.069	0.231	3.019	3.871
-52.43	-6.30	2.55	0.701	0.071	0.220	0.171	-0.01481	-0.105	0.343	3.104	3.821
-52.43	-6.30	2.70	0.706	0.066	0.224	0.170	-0.01497	-0.071	0.302	2.781	3.817
-52.43	-6.30	2.85	0.717	0.063	0.221	0.167	-0.01452	-0.077	0.374	2.773	3.942
-52.43	-6.30	3.00	0.714	0.065	0.222	0.167	-0.01369	-0.085	0.386	2.875	4.200
-52.43	-6.30	3.15	0.749	0.055	0.218	0.159	-0.01273	-0.188	0.396	3.266	4.063
-52.43	-6.30	3.38	0.752	0.056	0.220	0.162	-0.01369	-0.137	0.404	2.842	4.085
-52.43	-6.30	3.60	0.786	0.049	0.224	0.155	-0.01254	-0.252	0.468	2.762	4.682
-52.43	-6.30	3.83	0.808	0.047	0.226	0.152	-0.01235	-0.256	0.476	2.738	4.470
-52.43	-6.30	4.05	0.827	0.043	0.218	0.147	-0.01077	-0.368	0.526	2.978	5.333
-52.43	-6.30	4.28	0.835	0.044	0.216	0.143	-0.01144	-0.324	0.408	2.834	5.261
-52.43	-6.30	4.50	0.839	0.041	0.217	0.141	-0.01060	-0.371	0.493	2.962	5.060
-52.43	-6.30	4.88	0.889	0.037	0.217	0.138	-0.01037	-0.482	0.566	3.277	4.692
-52.43	-6.30	5.25	0.908	0.033	0.204	0.132	-0.00931	-0.483	0.605	3.394	4.895
-52.43	-6.30	5.63	0.929	0.033	0.199	0.124	-0.00811	-0.666	0.447	4.445	5.399
-52.43	-6.30	6.00	0.932	0.029	0.190	0.121	-0.00824	-0.526	0.514	3.849	5.573
-52.43	-6.30	7.50	0.999	0.029	0.175	0.116	-0.00695	-0.441	0.235	3.473	7.722
-52.43	-6.30	9.00	1.037	0.029	0.162	0.106	-0.00519	-0.342	0.350	3.891	7.804
-52.43	-6.30	10.50	1.079	0.020	0.149	0.101	-0.00491	-0.139	0.009	3.360	7.444
-52.43	-6.30	12.00	1.097	0.016	0.144	0.097	-0.00439	-0.252	0.126	4.513	6.219
-52.43	-6.30	13.50	1.110	0.013	0.139	0.097	-0.00416	-0.275	0.028	6.126	5.474
-44.93	-6.30	0.45	0.409	0.020	0.235	0.118	-0.00419	-0.187	-0.148	3.605	6.433
-44.93	-6.30	0.68	0.439	0.017	0.239	0.131	-0.00479	-0.278	-0.348	3.246	5.781
-44.93	-6.30	0.90	0.477	0.019	0.234	0.137	-0.00569	-0.233	-0.207	3.162	5.925
-44.93	-6.30	1.13	0.500	0.010	0.230	0.141	-0.00625	-0.276	-0.157	3.350	4.608
-44.93	-6.30	1.35	0.529	0.011	0.230	0.146	-0.00779	-0.282	-0.114	3.415	4.005
-44.93	-6.30	1.58	0.547	0.010	0.232	0.149	-0.00825	-0.275	-0.006	3.221	4.056
-44.93	-6.30	1.80	0.572	0.012	0.234	0.150	-0.00879	-0.298	0.006	3.304	3.994
-44.93	-6.30	1.95	0.578	0.012	0.231	0.148	-0.00824	-0.176	-0.076	3.317	4.287
-44.93	-6.30	2.10	0.596	0.011	0.235	0.154	-0.00969	-0.247	-0.066	3.117	4.431
-44.93	-6.30	2.25	0.615	0.011	0.225	0.149	-0.00861	-0.178	0.078	3.041	4.286
-44.93	-6.30	2.40	0.624	0.009	0.225	0.149	-0.00918	-0.197	0.051	3.076	4.264
-44.93	-6.30	2.55	0.656	0.009	0.226	0.146	-0.00931	-0.275	0.097	3.150	4.338
-44.93	-6.30	2.70	0.662	0.006	0.228	0.148	-0.00947	-0.229	0.187	3.132	3.965
-44.93	-6.30	2.85	0.680	0.006	0.229	0.145	-0.00923	-0.195	0.095	3.055	4.132
-44.93	-6.30	3.00	0.670	0.011	0.224	0.143	-0.00892	-0.179	0.149	2.875	4.138
-44.93	-6.30	3.15	0.704	0.008	0.231	0.145	-0.00971	-0.233	0.146	2.899	4.773
-44.93	-6.30	3.38	0.705	0.011	0.229	0.145	-0.00950	-0.241	0.036	2.912	5.034
-44.93	-6.30	3.60	0.715	0.015	0.233	0.146	-0.01068	-0.184	0.059	2.919	4.425
-44.93	-6.30	3.83	0.750	0.010	0.225	0.144	-0.00961	-0.215	0.104	2.720	5.243
-44.93	-6.30	4.05	0.770	0.010	0.221	0.137	-0.00895	-0.280	0.153	2.987	4.940
-44.93	-6.30	4.28	0.792	0.010	0.220	0.136	-0.00892	-0.313	0.234	2.918	4.740
-44.93	-6.30	4.50	0.814	0.011	0.213	0.134	-0.00866	-0.344	0.299	2.990	4.676
-44.93	-6.30	4.88	0.852	0.009	0.208	0.130	-0.00779	-0.373	0.364	2.976	4.566
-44.93	-6.30	5.25	0.866	0.013	0.210	0.130	-0.00791	-0.403	0.267	3.209	5.347
-44.93	-6.30	5.63	0.878	0.018	0.212	0.129	-0.00838	-0.414	0.262	3.116	5.994
-44.93	-6.30	6.00	0.887	0.017	0.202	0.125	-0.00791	-0.350	0.337	3.076	6.882
-44.93	-6.30	7.50	0.955	0.019	0.182	0.120	-0.00727	-0.427	0.121	3.284	10.088
-44.93	-6.30	9.00	1.036	0.016	0.167	0.111	-0.00556	-0.417	0.172	3.431	10.175
-44.93	-6.30	10.50	1.069	0.014	0.156	0.103	-0.00508	-0.320	0.083	3.502	8.172
-44.93	-6.30	12.00	1.089	0.013	0.144	0.101	-0.00422	-0.136	0.105	2.973	8.798
-44.93	-6.30	13.50	1.112	0.008	0.140	0.101	-0.00433	-0.219	0.105	4.519	5.652
-44.93	4.05	0.45	-0.026	0.009	0.216	0.196	-0.00851	0.143	-0.163	2.905	3.426
-44.93	4.05	0.68	0.031	-0.018	0.225	0.222	-0.01668	0.169	-0.115	3.072	2.913
-44.93	4.05	0.90	0.060	-0.043	0.229	0.233	-0.02106	0.105	-0.025	2.797	2.767
-44.93	4.05	1.13	0.116	-0.070	0.241	0.242	-0.02512	0.110	0.103	3.021	2.720
-44.93	4.05	1.35	0.153	-0.078	0.257	0.241	-0.02965	0.080	0.206	2.923	2.845
-44.93	4.05	1.58	0.204	-0.088	0.254	0.233	-0.02879	0.071	0.275	3.019	2.975
-44.93	4.05	1.80	0.262	-0.104	0.266	0.229	-0.03000	-0.038	0.301	2.750	3.040
-44.93	4.05	1.95	0.297	-0.103	0.272	0.225	-0.03066	-0.011	0.404	2.750	3.258
-44.93	4.05	2.10	0.356	-0.114	0.275	0.213	-0.02966	-0.081	0.390	2.906	3.301
-44.93	4.05	2.25	0.392	-0.112	0.282	0.214	-0.02993	-0.096	0.485	2.759	3.210
-44.93	4.05	2.40	0.449	-0.114	0.291	0.212	-0.03055	-0.240	0.569	2.873	3.353
-44.93	4.05	2.55	0.494	-0.118	0.294	0.203	-0.02852	-0.222	0.610	2.964	3.609
-44.93	4.05	2.70	0.523	-0.113	0.279	0.190	-0.02475	-0.304	0.605	2.969	3.950
-44.93	4.05	2.85	0.560	-0.104	0.278	0.186	-0.02215	-0.351	0.636	3.137	3.872
-44.93	4.05	3.00	0.595	-0.098	0.278	0.179	-0.02124	-0.408	0.607	3.160	4.080
-44.93	4.05	3.15	0.632	-0.097	0.272	0.171	-0.01867	-0.455	0.651	3.235	4.215
-44.93	4.05	3.38	0.661	-0.088	0.267	0.171	-0.01683	-0.400	0.635	3.259	4.614
-44.93	4.05	3.60	0.689	-0.074	0.255	0.161	-0.01386	-0.377	0.525	3.179	4.468
-44.93	4.05	3.83	0.718	-0.067	0.252	0.159	-0.01361	-0.417	0.548	3.340	4.593
-44.93	4.05	4.05	0.732	-0.058	0.246	0.155	-0.01228	-0.410	0.505	3.308	4.576
-44.93	4.05	4.28	0.753	-0.050	0.240	0.153	-0.01163	-0.368	0.470	3.178	4.542
-44.93	4.05	4.50	0.772	-0.044	0.237	0.154	-0.01101	-0.434	0.401	3.338	4.547
-44.93	4.05	4.88	0.785	-0.036	0.228	0.147	-0.00971	-0.295	0.407	3.026	4.652
-44.93	4.05	5.25	0.812	-0.031	0.220	0.148	-0.01000	-0.335	0.406	3.159	5.408
-44.93	4.05	5.63	0.841	-0.029	0.212	0.141	-0.00950	-0.384	0.384	3.063	5.128
-44.93	4.05	6.00	0.883	-0.025	0.211	0.139	-0.00944	-0.429	0.555	3.584	4.685
-44.93	4.05	7.50	0.962	-0.008	0.191	0.128	-0.00795	-0.487	0.396	3.242	6.261
-44.93	4.05	9.00	1.018	0.000	0.175	0.115	-0.00630	-0.632	0.460	4.920	5.813
-44.93	4.05	10.50	1.058	0.006	0.163	0.109	-0.00607	-0.424	0.379	3.893	5.457
-44.93	4.05	12.00	1.091	0.008	0.151	0.102	-0.00506	-0.245	0.328	3.275	5.453
-44.93	4.05	13.50	1.101	0.008	0.141	0.099	-0.00424	-0.156	0.085	2.995	6.078
-21.30	-3.38	2.10	0.597	0.062	0.222	0.174	-0.01409	0.119	0.195	2.920	3.613
-21.30	-3.38	2.25	0.615	0.058	0.219	0.174	-0.01350	0.057	0.198	2.753	3.742
-21.30	-3.38	2.40	0.624	0.051	0.222	0.174	-0.01406	0.012	0.232	3.036	3.610
-21.30	-3.38	2.55	0.637	0.050	0.223	0.169	-0.01325	0.006	0.215	2.669	4.234
-21.30	-3.38	2.70	0.647	0.052	0.222	0.174	-0.01362	-0.017	0.318	2.852	3.761
-21.30	-3.38	2.85	0.643	0.046	0.220	0.171	-0.01352	0.034	0.184	2.750	3.645
-21.30	-3.38	3.00	0.681	0.041	0.221	0.168	-0.01371	-0.100	0.264	2.940	3.982
-21.30	-3.38	3.15	0.685	0.038	0.226	0.168	-0.01315	-0.037	0.374	2.834	3.726
-21.30	-3.38	3.38	0.702	0.033	0.226	0.163	-0.01284	-0.097	0.339	2.985	3.875
-21.30	-3.38	3.60	0.713	0.031	0.218	0.159	-0.01207	-0.075	0.383	2.761	4.234
-21.30	-3.38	3.83	0.747	0.029	0.227	0.156	-0.01227	-0.156	0.381	2.872	4.262
-21.30	-3.38	4.05	0.758	0.026	0.222	0.151	-0.01194	-0.174	0.403	2.822	4.066
-21.30	-3.38	4.28	0.765	0.026	0.221	0.147	-0.01018	-0.172	0.396	2.738	4.177
-21.30	-3.38	4.50	0.789	0.022	0.222	0.146	-0.01077	-0.218	0.435	2.742	4.270
-21.30	-3.38	4.88	0.806	0.022	0.213	0.139	-0.00932	-0.233	0.326	2.805	4.246
-21.30	-3.38	5.25	0.834	0.020	0.215	0.138	-0.00956	-0.292	0.365	2.790	4.693
-21.30	-3.38	6.00	0.882	0.018	0.211	0.132	-0.00889	-0.375	0.357	2.870	5.393
-21.30	-3.38	7.50	0.936	0.016	0.195	0.122	-0.00773	-0.377	0.321	3.140	5.052
-21.30	-3.38	9.00	1.001	0.014	0.187	0.114	-0.00695	-0.465	0.433	3.165	5.374
-21.30	-3.38	10.50	1.022	0.011	0.171	0.108	-0.00621	-0.379	0.165	3.192	6.105
-21.30	-3.38	12.00	1.072	0.010	0.157	0.105	-0.00522	-0.238	0.073	3.234	6.371
-21.30	-3.38	13.50	1.094	0.006	0.147	0.100	-0.00445	-0.526	0.184	6.463	6.841
-13.28	-3.38	0.45	0.444	0.012	0.208	0.108	-0.00478	0.017	-0.138	3.573	7.126
-13.28	-3.38	0.68	0.469	0.012	0.208	0.118	-0.00498	0.008	-0.265	3.074	5.468
-13.28	-3.38	0.90	0.495	0.012	0.209	0.123	-0.00560	-0.065	-0.103	3.265	4.623
-13.28	-3.38	1.13	0.506	0.012	0.215	0.131	-0.00660	-0.003	-0.148	2.990	4.259
-13.28	-3.38	1.35	0.534	0.011	0.219	0.132	-0.00744	0.051	-0.138	3.027	4.142
-13.28	-3.38	1.58	0.554	0.012	0.214	0.138	-0.00752	-0.067	-0.080	3.047	4.264
-13.28	-3.38	1.80	0.564	0.012	0.216	0.139	-0.00759	0.005	-0.013	2.867	3.719
-13.28	-3.38	1.95	0.572	0.013	0.219	0.144	-0.00922	0.010	0.033	2.866	3.843
-13.28	-3.38	2.10	0.589	0.012	0.216	0.143	-0.00853	-0.018	0.011	2.954	3.873
-13.28	-3.38	2.25	0.597	0.013	0.215	0.143	-0.00871	0.072	0.026	2.891	3.727
-13.28	-3.38	2.40	0.593	0.013	0.216	0.144	-0.00942	0.019	0.089	2.798	3.937
-13.28	-3.38	2.55	0.607	0.013	0.218	0.145	-0.00864	0.051	-0.067	2.755	4.496
-13.28	-3.38	2.70	0.627	0.013	0.220	0.144	-0.00954	0.024	0.012	2.762	4.229
-13.28	-3.38	2.85	0.626	0.012	0.218	0.141	-0.00907	-0.016	0.006	2.701	4.102
-13.28	-3.38	3.00	0.644	0.010	0.215	0.141	-0.00974	-0.052	0.144	2.775	3.667
-13.28	-3.38	3.15	0.664	0.010	0.223	0.145	-0.00979	-0.062	0.138	2.896	4.063
-13.28	-3.38	3.38	0.674	0.009	0.221	0.143	-0.00913	-0.062	0.130	2.711	3.893
-13.28	-3.38	3.60	0.695	0.007	0.220	0.141	-0.00939	-0.122	0.111	3.049	3.757
-13.28	-3.38	3.83	0.704	0.009	0.218	0.137	-0.00922	-0.151	0.188	2.804	3.865
-13.28	-3.38	4.05	0.736	0.007	0.221	0.141	-0.00917	-0.162	0.257	3.120	3.909
-13.28	-3.38	4.28	0.740	0.007	0.222	0.137	-0.00946	-0.133	0.277	2.819	3.948
-13.28	-3.38	4.50	0.763	0.009	0.220	0.139	-0.00987	-0.190	0.250	3.003	3.893
-13.28	-3.38	4.88	0.788	0.006	0.219	0.133	-0.00927	-0.211	0.253	2.893	3.691
-13.28	-3.38	5.25	0.803	0.005	0.214	0.132	-0.00885	-0.227	0.313	2.819	3.930
-13.28	-3.38	6.00	0.865	0.009	0.211	0.128	-0.00828	-0.375	0.286	2.991	4.168
-13.28	-3.38	7.50	0.945	0.010	0.195	0.119	-0.00725	-0.380	0.377	2.974	4.453
-13.28	-3.38	9.00	0.987	0.011	0.182	0.113	-0.00648	-0.396	0.380	3.200	5.347
-13.28	-3.38	10.50	1.026	0.015	0.169	0.107	-0.00539	-0.432	0.314	3.777	5.794
-13.28	-3.38	12.00	1.065	0.009	0.156	0.104	-0.00542	-0.380	0.304	3.422	6.403
-13.28	-3.38	13.50	1.090	0.008	0.153	0.101	-0.00486	-0.294	0.276	3.179	5.602
-13.28	6.08	0.45	0.104	0.018	0.207	0.163	-0.00021	-0.171	-0.429	2.907	4.841
-13.28	6.08	0.68	0.124	0.008	0.206	0.187	-0.00065	-0.158	-0.542	2.952	3.746
-13.28	6.08	0.90	0.148	-0.008	0.205	0.205	-0.00265	-0.150	-0.439	3.269	3.449
-13.28	6.08	1.13	0.164	-0.013	0.208	0.217	-0.00616	-0.184	-0.414	2.990	3.157
-13.28	6.08	1.35	0.172	-0.028	0.218	0.233	-0.01107	-0.136	-0.338	3.015	3.054
-13.28	6.08	1.58	0.190	-0.045	0.220	0.231	-0.01147	-0.134	-0.262	3.093	2.857
-13.28	6.08	1.80	0.215	-0.051	0.220	0.238	-0.01475	-0.069	-0.112	3.277	2.629
-13.28	6.08	1.95	0.230	-0.065	0.225	0.242	-0.01843	0.045	-0.061	3.420	2.710
-13.28	6.08	2.10	0.254	-0.073	0.237	0.246	-0.02203	-0.005	-0.005	3.182	2.702
-13.28	6.08	2.25	0.278	-0.071	0.229	0.243	-0.02261	-0.035	0.047	3.120	2.616
-13.28	6.08	2.40	0.312	-0.091	0.243	0.248	-0.02611	0.046	0.189	3.284	2.684
-13.28	6.08	2.55	0.326	-0.085	0.242	0.243	-0.02546	0.014	0.232	3.180	2.724
-13.28	6.08	2.70	0.368	-0.091	0.252	0.233	-0.02739	0.009	0.255	3.154	2.847
-13.28	6.08	2.85	0.405	-0.092	0.256	0.231	-0.02840	-0.028	0.337	2.978	2.984
-13.28	6.08	3.00	0.428	-0.093	0.253	0.219	-0.02627	-0.050	0.456	3.022	3.246
-13.28	6.08	3.15	0.473	-0.096	0.264	0.223	-0.02964	-0.052	0.401	2.857	3.201
-13.28	6.08	3.38	0.522	-0.091	0.270	0.207	-0.02644	-0.086	0.455	2.836	3.488
-13.28	6.08	3.60	0.572	-0.087	0.270	0.195	-0.02454	-0.118	0.562	2.897	3.704
-13.28	6.08	3.83	0.610	-0.079	0.262	0.186	-0.02261	-0.177	0.608	2.785	3.917
-13.28	6.08	4.05	0.665	-0.068	0.265	0.179	-0.02113	-0.246	0.629	2.969	4.278
-13.28	6.08	4.28	0.698	-0.064	0.260	0.170	-0.01876	-0.319	0.672	2.996	4.538
-13.28	6.08	4.50	0.725	-0.058	0.251	0.161	-0.01656	-0.331	0.723	2.972	4.623
-13.28	6.08	4.88	0.777	-0.045	0.243	0.151	-0.01446	-0.403	0.618	3.353	4.503
-13.28	6.08	5.25	0.825	-0.040	0.228	0.142	-0.01121	-0.443	0.635	3.302	4.527
-13.28	6.08	6.00	0.850	-0.025	0.209	0.132	-0.00967	-0.432	0.471	3.386	4.294
-13.28	6.08	7.50	0.934	-0.005	0.192	0.121	-0.00779	-0.394	0.453	3.188	4.584
-13.28	6.08	9.00	0.997	0.001	0.180	0.111	-0.00674	-0.410	0.443	3.673	4.600
-13.28	6.08	10.50	1.055	0.002	0.167	0.106	-0.00578	-0.414	0.464	3.205	4.977
-13.28	6.08	12.00	1.068	0.008	0.162	0.103	-0.00557	-0.364	0.387	3.299	4.911
-13.28	6.08	13.50	1.096	0.005	0.149	0.100	-0.00489	-0.297	0.176	3.141	5.107
10.20	-0.75	2.25	0.672	0.079	0.204	0.154	-0.00752	-0.123	0.077	3.568	3.628
10.20	-0.75	2.40	0.666	0.078	0.203	0.152	-0.00702	-0.087	0.040	3.553	3.695
10.20	-0.75	2.55	0.679	0.079	0.202	0.149	-0.00822	-0.058	0.098	3.140	3.651
10.20	-0.75	2.70	0.709	0.075	0.207	0.151	-0.00882	-0.044	0.061	3.030	3.616
10.20	-0.75	2.85	0.700	0.075	0.203	0.150	-0.00882	-0.073	0.137	2.969	3.470
10.20	-0.75	3.00	0.705	0.075	0.204	0.148	-0.00884	-0.061	0.130	2.877	3.392
10.20	-0.75	3.15	0.717	0.068	0.206	0.151	-0.00967	-0.004	0.090	2.864	3.592
10.20	-0.75	3.38	0.742	0.065	0.211	0.147	-0.00973	-0.023	0.169	2.905	3.548
10.20	-0.75	3.60	0.742	0.064	0.207	0.145	-0.01011	-0.011	0.160	2.860	3.646
10.20	-0.75	3.83	0.752	0.062	0.207	0.149	-0.01055	-0.038	0.172	2.835	3.694
10.20	-0.75	4.13	0.767	0.059	0.210	0.143	-0.00996	-0.067	0.228	2.753	3.592
10.20	-0.75	4.50	0.799	0.054	0.210	0.141	-0.01017	-0.079	0.257	2.709	3.551
10.20	-0.75	4.88	0.804	0.053	0.209	0.137	-0.00966	-0.092	0.214	2.743	3.508
10.20	-0.75	5.25	0.836	0.050	0.208	0.136	-0.00942	-0.181	0.298	2.744	3.658
10.20	-0.75	6.00	0.876	0.040	0.209	0.132	-0.00978	-0.235	0.290	2.705	3.522
10.20	-0.75	7.50	0.938	0.028	0.200	0.122	-0.00812	-0.317	0.374	2.913	3.845
10.20	-0.75	9.00	0.979	0.025	0.193	0.115	-0.00699	-0.346	0.379	3.026	3.747
10.20	-0.75	10.50	1.013	0.018	0.179	0.109	-0.00632	-0.414	0.397	3.121	3.907
10.20	-0.75	12.00	1.076	0.013	0.171	0.104	-0.00587	-0.385	0.353	3.151	4.082
10.20	-0.75	13.50	1.098	0.011	0.157	0.104	-0.00550	-0.407	0.342	3.256	3.880
16.43	-0.75	0.45	0.301	0.032	0.282	0.157	-0.01775	-0.302	0.243	2.768	3.909
16.43	-0.75	0.68	0.343	0.039	0.276	0.165	-0.01894	-0.322	0.217	2.783	3.436
16.43	-0.75	0.90	0.355	0.043	0.276	0.176	-0.02159	-0.277	0.235	2.759	3.424
16.43	-0.75	1.13	0.364	0.050	0.284	0.186	-0.02492	-0.205	0.195	2.667	3.165
16.43	-0.75	1.35	0.396	0.046	0.278	0.189	-0.02429	-0.247	0.234	2.697	3.258
16.43	-0.75	1.58	0.396	0.063	0.285	0.197	-0.02693	-0.148	0.269	2.583	3.245
16.43	-0.75	1.80	0.439	0.049	0.280	0.193	-0.02600	-0.207	0.237	2.675	3.065
16.43	-0.75	1.95	0.479	0.045	0.279	0.192	-0.02562	-0.176	0.334	2.715	3.257
16.43	-0.75	2.10	0.496	0.043	0.273	0.185	-0.02450	-0.257	0.374	2.810	3.225
16.43	-0.75	2.25	0.538	0.035	0.273	0.183	-0.02336	-0.286	0.408	2.975	3.492
16.43	-0.75	2.40	0.522	0.044	0.270	0.181	-0.02292	-0.236	0.378	2.871	3.358
16.43	-0.75	2.55	0.540	0.045	0.267	0.182	-0.02301	-0.195	0.448	2.773	3.362
16.43	-0.75	2.70	0.567	0.038	0.261	0.176	-0.02058	-0.171	0.355	2.816	3.336
16.43	-0.75	2.85	0.578	0.044	0.259	0.168	-0.01938	-0.174	0.374	2.752	3.382
16.43	-0.75	3.00	0.592	0.045	0.261	0.170	-0.01952	-0.166	0.426	2.870	3.575
16.43	-0.75	3.15	0.622	0.041	0.253	0.165	-0.01777	-0.240	0.406	2.917	3.501
16.43	-0.75	3.38	0.638	0.042	0.248	0.163	-0.01691	-0.269	0.430	2.897	3.592
16.43	-0.75	3.60	0.693	0.037	0.240	0.157	-0.01483	-0.285	0.422	2.951	3.737
16.43	-0.75	3.83	0.703	0.039	0.236	0.155	-0.01342	-0.224	0.431	3.071	3.817
16.43	-0.75	4.13	0.730	0.039	0.232	0.150	-0.01200	-0.240	0.409	2.972	3.805
16.43	-0.75	4.50	0.753	0.040	0.222	0.144	-0.01064	-0.168	0.351	2.949	3.646
16.43	-0.75	4.88	0.783	0.038	0.211	0.139	-0.00880	-0.240	0.314	3.013	3.625
16.43	-0.75	5.25	0.807	0.037	0.208	0.139	-0.00894	-0.235	0.249	2.958	3.516
16.43	-0.75	6.00	0.836	0.034	0.206	0.131	-0.00877	-0.223	0.297	2.774	3.513
16.43	-0.75	7.50	0.929	0.018	0.197	0.124	-0.00844	-0.339	0.390	3.008	3.557
16.43	-0.75	9.00	0.967	0.014	0.182	0.115	-0.00712	-0.319	0.501	2.928	3.954
16.43	-0.75	10.50	1.040	0.009	0.177	0.109	-0.00621	-0.388	0.311	3.218	3.652
16.43	-0.75	12.00	1.072	0.006	0.170	0.104	-0.00575	-0.370	0.314	3.144	3.804
16.43	-0.75	13.50	1.116	0.001	0.158	0.102	-0.00522	-0.445	0.368	3.271	4.009
16.43	7.58	0.45	-0.098	0.046	0.233	0.204	-0.01275	0.005	-0.166	2.746	3.039
16.43	7.58	0.68	-0.042	0.003	0.232	0.230	-0.01833	-0.080	-0.056	2.607	2.612
16.43	7.58	0.90	0.006	-0.034	0.242	0.246	-0.02540	-0.189	0.070	2.777	2.609
16.43	7.58	1.13	0.079	-0.078	0.246	0.246	-0.02828	-0.220	0.285	2.677	2.690
16.43	7.58	1.35	0.131	-0.109	0.252	0.251	-0.03249	-0.266	0.376	2.837	2.816
16.43	7.58	1.58	0.223	-0.137	0.253	0.237	-0.03087	-0.303	0.523	3.109	3.067
16.43	7.58	1.80	0.294	-0.151	0.243	0.219	-0.02670	-0.263	0.562	3.257	3.411
16.43	7.58	1.95	0.338	-0.160	0.254	0.214	-0.02707	-0.233	0.574	3.287	3.697
16.43	7.58	2.10	0.379	-0.158	0.253	0.203	-0.02486	-0.281	0.590	3.433	3.737
16.43	7.58	2.25	0.447	-0.164	0.259	0.196	-0.02349	-0.204	0.603	3.303	3.836
16.43	7.58	2.40	0.476	-0.150	0.259	0.186	-0.02042	-0.185	0.657	3.244	3.993
16.43	7.58	2.55	0.527	-0.151	0.258	0.181	-0.02046	-0.118	0.626	3.125	4.293
16.43	7.58	2.70	0.558	-0.142	0.254	0.172	-0.01755	-0.087	0.586	3.126	4.129
16.43	7.58	2.85	0.592	-0.135	0.256	0.167	-0.01576	-0.126	0.503	3.074	4.160
16.43	7.58	3.00	0.623	-0.126	0.257	0.163	-0.01505	-0.108	0.520	3.165	4.170
16.43	7.58	3.15	0.656	-0.118	0.245	0.155	-0.01252	-0.135	0.491	2.986	4.097
16.43	7.58	3.38	0.677	-0.104	0.243	0.153	-0.01256	-0.203	0.332	3.122	3.787
16.43	7.58	3.60	0.701	-0.093	0.239	0.149	-0.01120	-0.091	0.399	3.001	3.981
16.43	7.58	3.83	0.723	-0.083	0.237	0.147	-0.01142	-0.243	0.387	3.080	3.833
16.43	7.58	4.13	0.737	-0.067	0.227	0.143	-0.01007	-0.107	0.296	2.750	3.648
16.43	7.58	4.50	0.778	-0.062	0.227	0.143	-0.01021	-0.116	0.271	2.800	3.625
16.43	7.58	4.88	0.797	-0.047	0.225	0.141	-0.01052	-0.165	0.313	2.817	3.644
16.43	7.58	5.25	0.814	-0.039	0.221	0.137	-0.01028	-0.175	0.310	2.740	3.715
16.43	7.58	6.00	0.871	-0.029	0.218	0.134	-0.01011	-0.283	0.391	2.771	3.576
16.43	7.58	7.50	0.942	-0.009	0.205	0.126	-0.00938	-0.362	0.436	3.030	3.772
16.43	7.58	9.00	1.011	-0.003	0.187	0.115	-0.00766	-0.444	0.524	3.090	4.157
16.43	7.58	10.50	1.034	0.002	0.175	0.109	-0.00672	-0.465	0.455	3.226	4.110
16.43	7.58	12.00	1.081	0.001	0.164	0.104	-0.00579	-0.426	0.443	3.235	4.032
16.43	7.58	13.50	1.113	0.000	0.161	0.102	-0.00534	-0.428	0.436	3.244	3.973
38.78	-1.13	2.10	0.594	0.069	0.196	0.190	-0.01393	0.173	0.219	3.145	3.220
38.78	-1.13	2.25	0.608	0.059	0.199	0.185	-0.01333	0.222	0.273	3.157	3.241
38.78	-1.13	2.40	0.618	0.056	0.205	0.187	-0.01463	0.199	0.303	2.993	3.235
38.78	-1.13	2.55	0.633	0.055	0.208	0.192	-0.01480	0.231	0.328	2.937	3.219
38.78	-1.13	2.70	0.649	0.049	0.207	0.190	-0.01456	0.155	0.346	2.962	3.385
38.78	-1.13	2.85	0.639	0.043	0.213	0.183	-0.01472	0.217	0.309	2.849	3.385
38.78	-1.13	3.00	0.640	0.042	0.211	0.179	-0.01429	0.191	0.330	2.778	3.423
38.78	-1.13	3.15	0.640	0.041	0.209	0.178	-0.01407	0.201	0.377	2.852	3.447
38.78	-1.13	3.38	0.668	0.031	0.216	0.174	-0.01412	0.152	0.355	2.748	3.382
38.78	-1.13	3.60	0.688	0.027	0.217	0.174	-0.01486	0.092	0.349	2.688	3.417
38.78	-1.13	3.83	0.695	0.023	0.220	0.171	-0.01469	0.061	0.416	2.648	3.595
38.78	-1.13	4.13	0.707	0.021	0.222	0.167	-0.01444	0.060	0.456	2.627	3.611
38.78	-1.13	4.50	0.738	0.011	0.224	0.160	-0.01393	-0.034	0.422	2.844	3.710
38.78	-1.13	4.88	0.756	0.008	0.229	0.159	-0.01328	-0.047	0.384	2.591	3.709
38.78	-1.13	5.25	0.770	0.006	0.219	0.149	-0.01141	-0.111	0.385	2.632	3.811
38.78	-1.13	6.00	0.814	0.003	0.222	0.140	-0.01136	-0.179	0.351	2.578	3.699
38.78	-1.13	7.50	0.914	0.001	0.210	0.130	-0.00898	-0.373	0.426	2.895	4.009
38.78	-1.13	9.00	0.983	-0.003	0.195	0.118	-0.00740	-0.393	0.419	3.030	3.903
38.78	-1.13	10.50	1.025	-0.004	0.183	0.111	-0.00656	-0.429	0.410	3.121	3.971
38.78	-1.13	12.00	1.062	-0.007	0.175	0.105	-0.00593	-0.440	0.354	3.166	3.670
38.78	-1.13	13.50	1.097	-0.009	0.165	0.102	-0.00538	-0.435	0.315	3.294	3.685
46.73	-1.13	0.45	0.387	0.003	0.228	0.118	-0.00471	-0.088	-0.102	3.098	3.879
46.73	-1.13	0.68	0.425	0.000	0.228	0.131	-0.00577	-0.271	-0.058	3.420	3.539
46.73	-1.13	0.90	0.445	-0.001	0.229	0.136	-0.00710	-0.171	-0.059	3.269	3.531
46.73	-1.13	1.13	0.468	-0.006	0.225	0.141	-0.00838	-0.205	0.090	3.322	3.681
46.73	-1.13	1.35	0.485	-0.011	0.226	0.148	-0.00838	-0.124	0.053	3.242	3.605
46.73	-1.13	1.58	0.507	-0.006	0.227	0.145	-0.00873	-0.132	0.103	3.196	3.443
46.73	-1.13	1.80	0.545	-0.012	0.222	0.147	-0.00942	-0.138	0.103	3.115	3.383
46.73	-1.13	1.95	0.547	-0.015	0.221	0.150	-0.00937	-0.081	0.045	3.194	3.495
46.73	-1.13	2.10	0.559	-0.014	0.218	0.145	-0.00899	-0.069	0.127	3.113	3.285
46.73	-1.13	2.25	0.573	-0.017	0.218	0.148	-0.00923	-0.023	0.119	3.136	3.467
46.73	-1.13	2.40	0.579	-0.015	0.215	0.147	-0.00999	-0.034	0.153	3.012	3.416
46.73	-1.13	2.55	0.605	-0.019	0.217	0.148	-0.00911	-0.137	0.224	3.051	3.458
46.73	-1.13	2.70	0.603	-0.016	0.223	0.149	-0.01009	-0.057	0.129	2.978	3.421
46.73	-1.13	2.85	0.624	-0.018	0.217	0.148	-0.00927	-0.053	0.164	2.949	3.321
46.73	-1.13	3.00	0.624	-0.017	0.220	0.147	-0.00971	-0.091	0.168	2.980	3.385
46.73	-1.13	3.15	0.658	-0.018	0.220	0.149	-0.00962	-0.061	0.212	2.859	3.501
46.73	-1.13	3.38	0.654	-0.015	0.214	0.146	-0.00914	-0.097	0.218	3.119	3.556
46.73	-1.13	3.60	0.681	-0.018	0.223	0.148	-0.01052	-0.053	0.217	2.851	3.510
46.73	-1.13	3.83	0.683	-0.014	0.220	0.146	-0.01030	-0.035	0.258	2.760	3.373
46.73	-1.13	4.13	0.708	-0.017	0.217	0.148	-0.01038	-0.076	0.234	2.798	3.449
46.73	-1.13	4.50	0.739	-0.014	0.225	0.146	-0.01090	-0.116	0.266	2.768	3.427
46.73	-1.13	4.88	0.732	-0.013	0.212	0.145	-0.01055	-0.052	0.214	2.773	3.456
46.73	-1.13	5.25	0.778	-0.014	0.218	0.140	-0.01024	-0.124	0.301	2.643	3.383
46.73	-1.13	6.00	0.819	-0.015	0.215	0.139	-0.00989	-0.155	0.304	2.687	3.457
46.73	-1.13	7.50	0.894	-0.011	0.199	0.125	-0.00793	-0.282	0.407	2.809	3.890
46.73	-1.13	9.00	0.969	-0.011	0.192	0.116	-0.00723	-0.352	0.360	3.021	4.020
46.73	-1.13	10.50	1.015	-0.003	0.193	0.112	-0.00700	-0.404	0.391	3.039	3.749
46.73	-1.13	12.00	1.046	-0.004	0.176	0.107	-0.00627	-0.430	0.407	3.206	3.722
46.73	-1.13	13.50	1.091	-0.005	0.164	0.103	-0.00548	-0.490	0.407	3.421	4.081
46.73	8.70	0.45	0.026	0.005	0.201	0.190	-0.00889	0.078	-0.229	3.085	3.226
46.73	8.70	0.68	0.069	-0.011	0.208	0.209	-0.01358	-0.008	-0.245	3.162	2.962
46.73	8.70	0.90	0.105	-0.045	0.215	0.221	-0.01845	0.029	-0.088	2.997	2.700
46.73	8.70	1.13	0.154	-0.059	0.228	0.227	-0.02242	0.052	0.027	2.924	2.681
46.73	8.70	1.35	0.198	-0.079	0.230	0.223	-0.02371	0.037	0.176	2.948	2.702
46.73	8.70	1.58	0.238	-0.088	0.245	0.226	-0.02753	0.100	0.223	2.892	2.843
46.73	8.70	1.80	0.293	-0.096	0.251	0.219	-0.02857	0.016	0.356	2.817	2.978
46.73	8.70	1.95	0.322	-0.097	0.260	0.216	-0.02993	0.050	0.390	2.843	3.022
46.73	8.70	2.10	0.369	-0.105	0.267	0.208	-0.02810	-0.036	0.447	2.813	3.232
46.73	8.70	2.25	0.394	-0.102	0.272	0.201	-0.02807	-0.012	0.439	2.788	3.138
46.73	8.70	2.40	0.462	-0.113	0.266	0.190	-0.02436	-0.135	0.534	2.923	3.509
46.73	8.70	2.55	0.483	-0.107	0.273	0.186	-0.02415	-0.068	0.519	2.831	3.470
46.73	8.70	2.70	0.514	-0.103	0.269	0.178	-0.02200	-0.153	0.558	2.797	3.822
46.73	8.70	2.85	0.558	-0.104	0.271	0.175	-0.02090	-0.232	0.590	3.005	3.847
46.73	8.70	3.00	0.595	-0.097	0.267	0.169	-0.01900	-0.261	0.606	3.000	3.853
46.73	8.70	3.15	0.608	-0.093	0.269	0.165	-0.01857	-0.261	0.552	2.980	4.034
46.73	8.70	3.38	0.665	-0.090	0.268	0.163	-0.01742	-0.342	0.630	3.062	4.156
46.73	8.70	3.60	0.680	-0.082	0.259	0.153	-0.01424	-0.283	0.548	3.023	4.167
46.73	8.70	3.83	0.700	-0.072	0.249	0.148	-0.01273	-0.351	0.504	3.177	4.260
46.73	8.70	4.13	0.727	-0.061	0.248	0.147	-0.01270	-0.346	0.489	3.131	4.064
46.73	8.70	4.50	0.758	-0.054	0.232	0.140	-0.01068	-0.326	0.425	3.095	3.891
46.73	8.70	4.88	0.787	-0.050	0.228	0.136	-0.01032	-0.311	0.408	2.987	4.001
46.73	8.70	5.25	0.809	-0.045	0.224	0.134	-0.00997	-0.324	0.333	2.963	3.826
46.73	8.70	6.00	0.850	-0.033	0.221	0.130	-0.00953	-0.256	0.317	2.821	3.796
46.73	8.70	7.50	0.934	-0.023	0.203	0.119	-0.00834	-0.478	0.415	3.550	3.846
46.73	8.70	9.00	0.981	-0.012	0.194	0.115	-0.00763	-0.441	0.504	3.158	4.075
46.73	8.70	10.50	1.019	-0.007	0.176	0.110	-0.00654	-0.370	0.458	3.068	3.909
46.73	8.70	12.00	1.086	-0.009	0.176	0.108	-0.00610	-0.483	0.373	3.295	4.036
46.73	8.70	13.50	1.095	-0.006	0.165	0.102	-0.00565	-0.473	0.402	3.247	3.978
70.20	0.08	2.25	0.627	0.049	0.209	0.170	-0.01045	-0.141	0.226	3.489	3.359
70.20	0.08	2.40	0.649	0.046	0.211	0.168	-0.01112	-0.076	0.255	3.309	3.450
70.20	0.08	2.55	0.641	0.041	0.201	0.166	-0.01069	-0.110	0.332	3.385	3.470
70.20	0.08	2.70	0.659	0.048	0.212	0.168	-0.01124	0.091	0.326	3.066	3.383
70.20	0.08	2.85	0.675	0.039	0.214	0.165	-0.01111	0.005	0.347	3.245	3.541
70.20	0.08	3.00	0.676	0.039	0.216	0.167	-0.01174	0.056	0.317	2.911	3.496
70.20	0.08	3.15	0.678	0.039	0.214	0.168	-0.01149	0.125	0.335	2.897	3.486
70.20	0.08	3.38	0.711	0.031	0.218	0.165	-0.01230	0.022	0.402	2.914	3.693
70.20	0.08	3.60	0.720	0.025	0.217	0.160	-0.01172	0.004	0.409	2.864	3.642
70.20	0.08	3.83	0.741	0.025	0.213	0.156	-0.01154	-0.008	0.428	2.808	3.728
70.20	0.08	4.13	0.753	0.025	0.219	0.156	-0.01172	-0.021	0.492	2.687	3.768
70.20	0.08	4.50	0.769	0.020	0.210	0.152	-0.01105	-0.159	0.401	2.767	3.822
70.20	0.08	4.88	0.785	0.022	0.217	0.147	-0.01096	-0.032	0.397	2.713	3.794
70.20	0.08	5.25	0.818	0.016	0.215	0.144	-0.01049	-0.148	0.422	2.782	4.045
70.20	0.08	6.00	0.858	0.014	0.209	0.136	-0.00920	-0.159	0.359	2.836	3.743
70.20	0.08	7.50	0.907	0.008	0.204	0.129	-0.00912	-0.195	0.310	2.780	3.702
70.20	0.08	9.00	0.956	0.002	0.201	0.122	-0.00838	-0.324	0.328	2.767	3.848
70.20	0.08	10.50	1.047	-0.004	0.194	0.118	-0.00722	-0.475	0.403	3.058	3.759
70.20	0.08	12.00	1.073	-0.008	0.179	0.109	-0.00633	-0.455	0.334	3.085	3.774
70.20	0.08	13.50	1.106	-0.009	0.169	0.106	-0.00565	-0.424	0.316	3.175	3.862
77.18	0.08	0.45	0.383	0.008	0.256	0.119	-0.00630	-0.372	-0.024	3.164	4.359
77.18	0.08	0.68	0.404	0.006	0.257	0.134	-0.00850	-0.401	-0.008	3.152	4.083
77.18	0.08	0.90	0.437	0.000	0.251	0.144	-0.00829	-0.370	-0.007	3.259	3.939
77.18	0.08	1.13	0.468	-0.006	0.256	0.149	-0.00917	-0.332	-0.074	3.246	3.698
77.18	0.08	1.35	0.484	-0.005	0.246	0.151	-0.01033	-0.388	0.082	3.198	3.767
77.18	0.08	1.58	0.489	-0.010	0.246	0.158	-0.01189	-0.347	0.142	3.203	3.594
77.18	0.08	1.80	0.542	-0.010	0.249	0.157	-0.01171	-0.334	0.157	3.402	3.584
77.18	0.08	1.95	0.555	-0.012	0.240	0.154	-0.01111	-0.262	0.223	3.180	3.620
77.18	0.08	2.10	0.562	-0.013	0.239	0.157	-0.01164	-0.320	0.223	3.243	3.573
77.18	0.08	2.25	0.580	-0.013	0.238	0.151	-0.01103	-0.260	0.291	3.105	3.544
77.18	0.08	2.40	0.601	-0.011	0.242	0.151	-0.01184	-0.291	0.327	3.341	3.769
77.18	0.08	2.55	0.607	-0.012	0.232	0.152	-0.01205	-0.297	0.283	3.344	3.717
77.18	0.08	2.70	0.623	-0.012	0.230	0.146	-0.01034	-0.170	0.209	3.040	3.586
77.18	0.08	2.85	0.636	-0.012	0.224	0.147	-0.01024	-0.193	0.291	3.024	3.622
77.18	0.08	3.00	0.644	-0.011	0.230	0.146	-0.01094	-0.190	0.261	3.081	3.715
77.18	0.08	3.15	0.672	-0.010	0.228	0.145	-0.01048	-0.228	0.332	3.141	3.764
77.18	0.08	3.38	0.688	-0.008	0.222	0.145	-0.01092	-0.241	0.279	3.072	3.623
77.18	0.08	3.60	0.703	-0.007	0.227	0.146	-0.01053	-0.183	0.324	3.038	3.675
77.18	0.08	3.83	0.703	-0.007	0.222	0.144	-0.01084	-0.196	0.280	3.048	3.651
77.18	0.08	4.13	0.734	-0.007	0.216	0.141	-0.01009	-0.153	0.326	2.994	3.680
77.18	0.08	4.50	0.770	-0.004	0.224	0.145	-0.01054	-0.132	0.319	2.968	3.768
77.18	0.08	4.88	0.789	-0.010	0.217	0.136	-0.00937	-0.149	0.307	2.831	3.658
77.18	0.08	5.25	0.801	-0.006	0.221	0.138	-0.01013	-0.156	0.300	2.910	3.628
77.18	0.08	6.00	0.856	-0.011	0.211	0.134	-0.00986	-0.196	0.256	2.829	3.600
77.18	0.08	7.50	0.921	-0.005	0.203	0.127	-0.00867	-0.203	0.342	2.711	3.735
77.18	0.08	9.00	0.979	-0.010	0.197	0.122	-0.00859	-0.368	0.409	2.846	3.731
77.18	0.08	10.50	1.053	-0.013	0.194	0.114	-0.00670	-0.399	0.369	2.930	3.837
77.18	0.08	12.00	1.054	-0.013	0.186	0.112	-0.00677	-0.236	0.407	2.875	3.810
77.18	0.08	13.50	1.098	-0.013	0.168	0.105	-0.00568	-0.505	0.373	3.903	3.974
77.18	9.68	0.45	-0.098	0.021	0.214	0.164	-0.00502	0.104	-0.298	3.019	3.713
77.18	9.68	0.68	-0.044	0.001	0.219	0.192	-0.00907	0.020	-0.255	2.928	3.152
77.18	9.68	0.90	-0.005	-0.021	0.215	0.206	-0.01437	-0.011	-0.195	3.071	3.129
77.18	9.68	1.13	0.039	-0.038	0.232	0.226	-0.02129	0.043	-0.124	2.930	2.812
77.18	9.68	1.35	0.101	-0.059	0.234	0.223	-0.02349	0.017	0.022	2.961	2.835
77.18	9.68	1.58	0.152	-0.081	0.243	0.227	-0.02657	-0.009	0.116	3.003	2.797
77.18	9.68	1.80	0.219	-0.095	0.262	0.226	-0.03016	0.038	0.225	2.907	2.845
77.18	9.68	1.95	0.271	-0.104	0.262	0.222	-0.02974	-0.046	0.311	2.887	2.936
77.18	9.68	2.10	0.317	-0.110	0.275	0.217	-0.03170	-0.097	0.322	2.920	2.967
77.18	9.68	2.25	0.373	-0.112	0.275	0.213	-0.03027	-0.124	0.415	2.863	3.099
77.18	9.68	2.40	0.432	-0.118	0.281	0.207	-0.03076	-0.150	0.482	2.911	3.281
77.18	9.68	2.55	0.481	-0.117	0.281	0.196	-0.02736	-0.191	0.502	2.932	3.443
77.18	9.68	2.70	0.501	-0.107	0.280	0.189	-0.02563	-0.172	0.533	3.044	3.545
77.18	9.68	2.85	0.538	-0.103	0.271	0.177	-0.02170	-0.176	0.527	3.096	3.695
77.18	9.68	3.00	0.586	-0.100	0.273	0.172	-0.02042	-0.250	0.558	3.178	3.943
77.18	9.68	3.15	0.618	-0.094	0.270	0.167	-0.01852	-0.296	0.606	3.064	4.108
77.18	9.68	3.38	0.661	-0.088	0.265	0.160	-0.01624	-0.225	0.533	3.030	3.971
77.18	9.68	3.60	0.686	-0.077	0.265	0.153	-0.01519	-0.255	0.468	3.060	3.850
77.18	9.68	3.83	0.714	-0.067	0.248	0.149	-0.01295	-0.292	0.391	3.131	3.898
77.18	9.68	4.13	0.729	-0.055	0.241	0.145	-0.01200	-0.291	0.395	3.139	4.008
77.18	9.68	4.50	0.766	-0.049	0.232	0.141	-0.01056	-0.257	0.286	3.027	3.868
77.18	9.68	4.88	0.782	-0.040	0.229	0.141	-0.01064	-0.172	0.333	2.897	3.867
77.18	9.68	5.25	0.815	-0.035	0.229	0.138	-0.01110	-0.299	0.310	2.938	3.703
77.18	9.68	6.00	0.849	-0.026	0.222	0.134	-0.01062	-0.166	0.304	2.695	3.645
77.18	9.68	7.50	0.921	-0.015	0.210	0.129	-0.00963	-0.303	0.318	2.779	3.485
77.18	9.68	9.00	0.979	-0.015	0.207	0.123	-0.00921	-0.376	0.409	3.006	3.826
77.18	9.68	10.50	1.036	-0.017	0.195	0.116	-0.00791	-0.340	0.398	3.026	3.919
77.18	9.68	12.00	1.084	-0.021	0.175	0.110	-0.00666	-0.464	0.413	3.129	3.879
77.18	9.68	13.50	1.100	-0.016	0.175	0.106	-0.00644	-0.548	0.467	3.330	4.126
-67.43	-7.13	2.10	0.694	0.070	0.240	0.180	-0.01411	-0.447	0.267	3.292	4.128
-67.43	-7.13	2.25	0.713	0.067	0.239	0.180	-0.01400	-0.392	0.269	3.169	4.201
-67.43	-7.13	2.40	0.726	0.065	0.238	0.174	-0.01389	-0.543	0.299	3.600	4.216
-67.43	-7.13	2.55	0.748	0.064	0.236	0.172	-0.01374	-0.483	0.279	3.149	4.182
-67.43	-7.13	2.70	0.760	0.062	0.234	0.173	-0.01397	-0.552	0.334	3.390	4.244
-67.43	-7.13	2.85	0.778	0.061	0.230	0.170	-0.01373	-0.541	0.402	3.385	4.542
-67.43	-7.13	3.00	0.785	0.058	0.229	0.167	-0.01361	-0.582	0.426	3.556	4.584
-67.43	-7.13	3.15	0.799	0.059	0.227	0.163	-0.01410	-0.569	0.560	3.435	4.739
-67.43	-7.13	3.38	0.822	0.057	0.229	0.162	-0.01394	-0.675	0.593	3.497	4.976
-67.43	-7.13	3.60	0.835	0.054	0.217	0.154	-0.01157	-0.674	0.506	3.728	4.989
-67.43	-7.13	3.83	0.854	0.050	0.217	0.152	-0.01218	-0.632	0.559	3.637	5.175
-67.43	-7.13	4.13	0.886	0.049	0.210	0.146	-0.01159	-0.702	0.824	4.100	5.625
-67.43	-7.13	4.50	0.918	0.044	0.201	0.142	-0.01094	-0.723	0.784	4.113	6.113
-67.43	-7.13	4.88	0.942	0.037	0.191	0.131	-0.00949	-0.773	0.917	4.485	6.727
-67.43	-7.13	5.25	0.950	0.039	0.179	0.125	-0.00827	-0.594	0.842	4.116	6.305
-67.43	-7.13	6.00	0.985	0.036	0.170	0.116	-0.00679	-0.472	0.859	4.283	6.954
-67.43	-7.13	7.50	1.029	0.034	0.153	0.101	-0.00489	-0.174	0.604	3.493	5.519
-67.43	-7.13	9.00	1.058	0.031	0.147	0.099	-0.00454	-0.036	0.275	2.992	4.203
-67.43	-7.13	10.50	1.083	0.030	0.146	0.099	-0.00446	-0.103	0.230	2.842	3.836
-67.43	-7.13	12.00	1.099	0.021	0.141	0.097	-0.00408	-0.073	0.089	2.818	3.436
-67.43	-7.13	13.50	1.116	0.027	0.145	0.103	-0.00515	-0.097	0.131	2.806	3.369
-60.08	-7.13	0.45	0.354	0.023	0.240	0.120	-0.00467	-0.149	-0.285	2.977	5.082
-60.08	-7.13	0.68	0.393	0.018	0.247	0.137	-0.00629	-0.221	-0.213	2.885	3.986
-60.08	-7.13	0.90	0.421	0.015	0.248	0.152	-0.00807	-0.216	-0.091	3.058	3.564
-60.08	-7.13	1.13	0.461	0.006	0.242	0.156	-0.00876	-0.184	-0.110	3.028	3.568
-60.08	-7.13	1.35	0.479	0.011	0.246	0.158	-0.00958	-0.215	-0.007	3.018	3.423
-60.08	-7.13	1.58	0.517	0.006	0.249	0.160	-0.00945	-0.178	-0.020	3.081	3.460
-60.08	-7.13	1.80	0.554	0.004	0.246	0.160	-0.01031	-0.191	-0.084	2.853	3.521
-60.08	-7.13	1.95	0.594	0.004	0.248	0.159	-0.01029	-0.260	0.040	2.930	3.452
-60.08	-7.13	2.10	0.604	0.001	0.246	0.163	-0.01034	-0.252	0.010	2.906	3.639
-60.08	-7.13	2.25	0.621	0.001	0.249	0.161	-0.01058	-0.301	0.135	2.935	3.629
-60.08	-7.13	2.40	0.644	0.002	0.248	0.159	-0.01046	-0.329	0.055	2.891	3.767
-60.08	-7.13	2.55	0.656	0.002	0.245	0.159	-0.01007	-0.325	0.109	2.915	3.753
-60.08	-7.13	2.70	0.674	0.004	0.243	0.157	-0.00997	-0.369	0.152	2.971	3.708
-60.08	-7.13	2.85	0.696	0.003	0.239	0.151	-0.01052	-0.405	0.164	3.026	3.867
-60.08	-7.13	3.00	0.719	0.002	0.244	0.152	-0.00912	-0.438	0.170	3.106	3.769
-60.08	-7.13	3.15	0.730	0.006	0.233	0.146	-0.00885	-0.356	0.284	2.922	3.968
-60.08	-7.13	3.38	0.757	0.005	0.236	0.147	-0.00937	-0.460	0.307	3.107	4.105
-60.08	-7.13	3.60	0.779	0.008	0.227	0.141	-0.00848	-0.568	0.221	3.311	4.148
-60.08	-7.13	3.83	0.804	0.009	0.224	0.143	-0.00903	-0.554	0.330	3.305	4.269
-60.08	-7.13	4.13	0.813	0.011	0.216	0.133	-0.00765	-0.549	0.366	3.516	4.655
-60.08	-7.13	4.50	0.861	0.015	0.219	0.137	-0.00895	-0.753	0.490	3.892	4.703
-60.08	-7.13	4.88	0.891	0.013	0.209	0.129	-0.00814	-0.682	0.517	3.747	5.103
-60.08	-7.13	5.25	0.904	0.020	0.202	0.127	-0.00840	-0.714	0.619	3.933	5.035
-60.08	-7.13	6.00	0.934	0.020	0.189	0.118	-0.00709	-0.779	0.610	5.898	5.235
-60.08	-7.13	7.50	1.010	0.023	0.164	0.110	-0.00572	-0.511	0.618	3.934	5.067
-60.08	-7.13	9.00	1.049	0.022	0.151	0.101	-0.00435	-0.159	0.407	3.163	4.720
-60.08	-7.13	10.50	1.066	0.026	0.147	0.099	-0.00455	-0.200	0.349	3.183	4.211
-60.08	-7.13	12.00	1.098	0.026	0.149	0.099	-0.00512	-0.098	0.212	2.729	3.482
-60.08	-7.13	13.50	1.117	0.019	0.141	0.099	-0.00420	-0.105	0.157	2.799	3.534
-60.08	3.38	0.45	0.006	-0.009	0.214	0.185	-0.00524	0.494	-0.094	5.091	3.250
-60.08	3.38	0.68	0.042	-0.036	0.212	0.207	-0.01113	0.148	-0.132	2.984	2.873
-60.08	3.38	0.90	0.077	-0.044	0.216	0.217	-0.01482	0.165	-0.069	2.922	2.834
-60.08	3.38	1.13	0.125	-0.068	0.229	0.226	-0.02093	0.209	0.057	3.173	2.744
-60.08	3.38	1.35	0.176	-0.091	0.239	0.227	-0.02170	0.064	0.248	2.980	2.930
-60.08	3.38	1.58	0.229	-0.096	0.250	0.234	-0.02540	0.030	0.337	2.637	2.968
-60.08	3.38	1.80	0.276	-0.105	0.266	0.230	-0.03013	0.019	0.327	2.708	2.773
-60.08	3.38	1.95	0.317	-0.112	0.270	0.227	-0.02982	0.016	0.371	2.705	2.892
-60.08	3.38	2.10	0.357	-0.116	0.270	0.218	-0.02691	-0.095	0.449	2.799	3.256
-60.08	3.38	2.25	0.399	-0.113	0.271	0.214	-0.02676	-0.119	0.420	2.886	3.088
-60.08	3.38	2.40	0.440	-0.116	0.283	0.204	-0.02766	-0.119	0.407	2.864	3.209
-60.08	3.38	2.55	0.466	-0.107	0.282	0.203	-0.02552	-0.205	0.544	2.812	3.490
-60.08	3.38	2.70	0.490	-0.103	0.282	0.196	-0.02300	-0.232	0.502	3.046	3.554
-60.08	3.38	2.85	0.530	-0.096	0.276	0.194	-0.02194	-0.261	0.526	2.861	3.762
-60.08	3.38	3.00	0.554	-0.091	0.279	0.186	-0.02004	-0.316	0.500	2.901	3.804
-60.08	3.38	3.15	0.587	-0.091	0.276	0.189	-0.01979	-0.251	0.576	2.948	3.955
-60.08	3.38	3.38	0.625	-0.079	0.275	0.182	-0.01862	-0.287	0.519	3.073	3.970
-60.08	3.38	3.60	0.670	-0.073	0.266	0.178	-0.01557	-0.430	0.454	3.158	3.861
-60.08	3.38	3.83	0.684	-0.065	0.256	0.168	-0.01331	-0.473	0.469	3.202	3.922
-60.08	3.38	4.13	0.728	-0.054	0.264	0.173	-0.01412	-0.429	0.412	3.175	3.972
-60.08	3.38	4.50	0.760	-0.051	0.243	0.161	-0.01171	-0.471	0.362	3.149	3.758
-60.08	3.38	4.88	0.779	-0.038	0.243	0.162	-0.01117	-0.375	0.451	2.980	4.065
-60.08	3.38	5.25	0.808	-0.035	0.239	0.160	-0.01210	-0.475	0.355	3.166	3.835
-60.08	3.38	6.00	0.859	-0.018	0.232	0.151	-0.01157	-0.521	0.481	3.240	4.569
-60.08	3.38	7.50	0.951	-0.006	0.208	0.136	-0.00983	-0.806	0.616	5.063	5.268
-60.08	3.38	9.00	1.027	0.006	0.172	0.116	-0.00706	-0.511	0.651	4.144	5.281
-60.08	3.38	10.50	1.074	0.014	0.155	0.102	-0.00512	-0.255	0.336	3.502	4.351
-60.08	3.38	12.00	1.109	0.013	0.144	0.098	-0.00460	-0.112	0.213	2.783	3.474
-60.08	3.38	13.50	1.123	0.010	0.143	0.100	-0.00467	-0.090	0.132	2.787	3.341
