80.85	1.80	0.45	0.505	-0.030	0.199	0.138	-0.00056	-0.154	-0.327	3.653	3.850
80.85	1.80	0.68	0.513	-0.038	0.210	0.149	0.00072	-0.288	-0.279	3.633	3.497
80.85	1.80	0.90	0.537	-0.039	0.215	0.154	-0.00071	-0.293	-0.216	3.760	3.441
80.85	1.80	1.13	0.556	-0.038	0.219	0.152	-0.00124	-0.349	-0.136	3.768	3.479
80.85	1.80	1.35	0.558	-0.035	0.221	0.153	-0.00176	-0.333	-0.140	3.742	3.559
80.85	1.80	1.58	0.576	-0.033	0.211	0.148	-0.00300	-0.340	-0.069	3.743	3.459
80.85	1.80	1.80	0.591	-0.024	0.217	0.152	-0.00385	-0.400	-0.067	3.966	3.496
80.85	1.80	1.95	0.594	-0.021	0.215	0.151	-0.00489	-0.362	-0.100	3.753	3.525
80.85	1.80	2.10	0.611	-0.018	0.214	0.152	-0.00447	-0.294	-0.051	3.672	3.592
80.85	1.80	2.25	0.610	-0.014	0.210	0.149	-0.00541	-0.302	-0.010	3.751	3.572
80.85	1.80	2.40	0.619	-0.012	0.208	0.150	-0.00526	-0.303	0.032	3.709	3.446
80.85	1.80	2.55	0.625	-0.002	0.207	0.147	-0.00587	-0.277	-0.001	3.620	3.581
80.85	1.80	2.70	0.651	-0.003	0.208	0.150	-0.00735	-0.189	0.071	3.599	3.413
80.85	1.80	2.85	0.644	0.001	0.206	0.144	-0.00670	-0.169	0.121	3.508	3.508
80.85	1.80	3.00	0.666	0.001	0.202	0.145	-0.00768	-0.073	0.144	3.311	3.445
80.85	1.80	3.15	0.677	0.000	0.197	0.145	-0.00731	-0.063	0.143	3.184	3.430
80.85	1.80	3.38	0.682	0.004	0.201	0.144	-0.00839	0.010	0.168	3.069	3.292
80.85	1.80	3.60	0.686	0.012	0.198	0.141	-0.00814	0.054	0.157	3.060	3.309
80.85	1.80	3.83	0.702	0.006	0.198	0.142	-0.00908	0.025	0.187	2.995	3.396
80.85	1.80	4.05	0.719	0.008	0.197	0.141	-0.00906	0.012	0.174	2.830	3.407
80.85	1.80	4.28	0.722	0.012	0.198	0.139	-0.00890	0.057	0.194	2.819	3.395
80.85	1.80	4.50	0.738	0.011	0.202	0.142	-0.01040	0.039	0.223	2.857	3.321
80.85	1.80	4.88	0.759	0.006	0.199	0.140	-0.00972	0.002	0.273	2.795	3.357
80.85	1.80	5.25	0.782	0.006	0.203	0.139	-0.01080	-0.027	0.389	2.797	3.557
80.85	1.80	6.00	0.798	0.011	0.199	0.136	-0.01031	-0.045	0.325	2.736	3.493
80.85	1.80	7.50	0.877	0.004	0.196	0.129	-0.00959	-0.045	0.367	2.804	3.561
80.85	1.80	9.00	0.932	0.004	0.193	0.124	-0.00870	-0.148	0.355	2.808	3.677
80.85	1.80	10.50	0.987	0.004	0.187	0.118	-0.00744	-0.188	0.333	2.800	3.592
80.85	1.80	12.00	1.046	0.001	0.183	0.114	-0.00721	-0.250	0.367	2.787	3.596
80.85	1.80	13.50	1.076	0.001	0.179	0.111	-0.00694	-0.275	0.324	2.843	3.605
-102.98	7.65	0.45	0.628	0.027	0.150	0.106	-0.00269	0.054	-0.784	3.390	7.448
-102.98	7.65	0.68	0.651	0.045	0.148	0.125	-0.00279	-0.017	-0.608	3.595	5.668
-102.98	7.65	0.90	0.693	0.065	0.151	0.137	-0.00331	0.005	-0.551	3.585	5.300
-102.98	7.65	1.13	0.701	0.083	0.149	0.133	-0.00352	0.045	-0.586	3.548	5.571
-102.98	7.65	1.35	0.728	0.091	0.152	0.132	-0.00408	0.057	-0.511	3.392	5.310
-102.98	7.65	1.58	0.752	0.104	0.151	0.119	-0.00420	0.061	-0.260	3.362	4.977
-102.98	7.65	1.80	0.764	0.113	0.153	0.113	-0.00403	0.101	-0.112	3.232	4.482
-102.98	7.65	1.95	0.779	0.119	0.152	0.110	-0.00346	0.011	-0.142	3.373	5.148
-102.98	7.65	2.10	0.783	0.129	0.151	0.106	-0.00377	0.127	-0.101	3.039	4.475
-102.98	7.65	2.25	0.782	0.131	0.155	0.105	-0.00390	0.204	-0.174	3.119	7.318
-102.98	7.65	2.40	0.793	0.139	0.156	0.101	-0.00400	0.069	0.014	2.936	5.635
-102.98	7.65	2.55	0.805	0.143	0.154	0.099	-0.00424	0.058	-0.061	3.158	5.953
-102.98	7.65	2.70	0.812	0.145	0.153	0.098	-0.00431	0.146	0.095	2.994	4.191
-102.98	7.65	2.85	0.829	0.149	0.155	0.098	-0.00433	0.115	-0.199	2.935	7.298
-102.98	7.65	3.00	0.818	0.150	0.152	0.097	-0.00457	0.127	0.014	2.984	4.660
-102.98	7.65	3.15	0.842	0.155	0.156	0.098	-0.00469	0.022	-0.041	2.825	4.601
-102.98	7.65	3.38	0.853	0.155	0.155	0.098	-0.00466	0.046	-0.141	2.825	6.137
-102.98	7.65	3.60	0.864	0.158	0.155	0.097	-0.00457	0.114	0.078	2.890	4.486
-102.98	7.65	3.83	0.864	0.154	0.156	0.098	-0.00478	0.111	-0.186	2.826	6.674
-102.98	7.65	4.13	0.892	0.151	0.157	0.095	-0.00451	0.052	0.075	2.765	5.835
-102.98	7.65	4.50	0.896	0.146	0.157	0.095	-0.00490	-0.006	-0.007	2.812	5.048
-102.98	7.65	4.88	0.941	0.142	0.159	0.096	-0.00470	-0.026	-0.143	2.776	7.047
-102.98	7.65	5.25	0.932	0.139	0.160	0.098	-0.00488	-0.064	0.111	2.744	4.430
-102.98	7.65	6.00	0.970	0.125	0.157	0.096	-0.00474	-0.075	-0.125	2.826	6.608
-102.98	7.65	7.50	1.011	0.103	0.153	0.096	-0.00473	-0.132	0.051	2.887	5.569
-102.98	7.65	9.00	1.024	0.086	0.145	0.093	-0.00419	-0.105	0.060	2.946	4.409
-102.98	7.65	10.50	1.054	0.076	0.149	0.099	-0.00497	-0.063	0.078	2.754	3.671
-102.98	7.65	12.00	1.073	0.060	0.147	0.099	-0.00508	-0.222	0.029	2.787	3.722
-102.98	7.65	13.50	1.096	0.048	0.143	0.101	-0.00443	-0.144	0.027	2.739	4.268
-96.08	11.78	0.90	0.238	-0.168	0.180	0.210	0.00026	-0.042	0.244	3.245	3.151
-96.08	11.78	1.13	0.209	-0.154	0.187	0.232	-0.00166	0.004	0.330	3.239	3.132
-96.08	11.78	1.35	0.188	-0.146	0.186	0.240	-0.00386	0.077	0.467	3.307	3.023
-96.08	11.78	1.58	0.182	-0.126	0.196	0.258	-0.00671	0.211	0.449	3.365	2.822
-96.08	11.78	1.80	0.180	-0.104	0.200	0.267	-0.01018	0.267	0.416	3.307	2.779
-96.08	11.78	1.95	0.185	-0.091	0.206	0.269	-0.01058	0.267	0.457	3.249	2.703
-96.08	11.78	2.10	0.191	-0.094	0.214	0.263	-0.01358	0.271	0.442	3.196	2.703
-96.08	11.78	2.25	0.211	-0.081	0.224	0.270	-0.01594	0.315	0.390	3.093	2.623
-96.08	11.78	2.40	0.229	-0.063	0.228	0.270	-0.01798	0.315	0.434	3.138	2.625
-96.08	11.78	2.55	0.250	-0.062	0.244	0.271	-0.02198	0.276	0.354	3.142	2.708
-96.08	11.78	2.70	0.277	-0.036	0.249	0.275	-0.02426	0.344	0.350	3.046	2.514
-96.08	11.78	2.85	0.302	-0.028	0.255	0.272	-0.02539	0.274	0.358	2.835	2.578
-96.08	11.78	3.00	0.340	-0.028	0.261	0.277	-0.02768	0.227	0.401	2.752	2.668
-96.08	11.78	3.15	0.372	-0.028	0.272	0.272	-0.03123	0.184	0.407	2.810	2.678
-96.08	11.78	3.38	0.405	0.006	0.278	0.268	-0.03225	0.101	0.341	2.736	2.685
-96.08	11.78	3.60	0.457	0.013	0.283	0.259	-0.03339	0.079	0.327	2.669	2.675
-96.08	11.78	3.83	0.510	0.022	0.284	0.256	-0.03361	-0.001	0.420	2.655	2.836
-96.08	11.78	4.13	0.580	0.036	0.277	0.242	-0.03185	-0.127	0.435	2.622	2.919
-96.08	11.78	4.50	0.672	0.043	0.272	0.223	-0.02928	-0.295	0.543	2.747	3.073
-96.08	11.78	4.88	0.729	0.055	0.257	0.207	-0.02478	-0.369	0.606	2.993	3.283
-96.08	11.78	5.25	0.822	0.051	0.238	0.185	-0.01919	-0.486	0.782	3.308	3.851
-96.08	11.78	6.00	0.927	0.055	0.198	0.145	-0.00954	-0.457	0.961	3.710	5.699
-96.08	11.78	7.50	1.010	0.053	0.157	0.105	-0.00464	-0.145	0.408	3.000	5.335
-96.08	11.78	9.00	1.042	0.046	0.152	0.099	-0.00424	-0.116	0.181	2.888	3.521
-96.08	11.78	10.50	1.063	0.041	0.142	0.098	-0.00421	-0.109	0.113	2.998	5.387
-96.08	11.78	12.00	1.079	0.040	0.144	0.102	-0.00492	-0.086	-0.326	2.914	7.937
-96.08	11.78	13.50	1.101	0.038	0.145	0.100	-0.00450	-0.059	-0.003	2.835	3.480
-91.28	3.90	0.45	0.378	-0.072	0.202	0.121	-0.00358	0.080	-0.187	2.989	4.223
-91.28	3.90	0.68	0.422	-0.092	0.201	0.142	-0.00669	0.043	-0.043	2.868	4.009
-91.28	3.90	0.90	0.474	-0.116	0.216	0.160	-0.00986	-0.040	-0.281	2.939	4.340
-91.28	3.90	1.13	0.504	-0.122	0.218	0.168	-0.01282	-0.089	-0.017	2.799	3.542
-91.28	3.90	1.35	0.542	-0.143	0.227	0.174	-0.01644	-0.150	0.148	2.775	3.463
-91.28	3.90	1.58	0.560	-0.143	0.230	0.179	-0.01696	-0.208	0.151	2.744	3.568
-91.28	3.90	1.80	0.590	-0.147	0.243	0.186	-0.02156	-0.236	0.284	2.682	3.508
-91.28	3.90	1.95	0.608	-0.147	0.236	0.183	-0.02086	-0.329	0.440	2.914	3.618
-91.28	3.90	2.10	0.625	-0.147	0.238	0.183	-0.02125	-0.368	0.445	3.070	3.647
-91.28	3.90	2.25	0.648	-0.149	0.240	0.183	-0.02145	-0.422	0.546	3.009	4.012
-91.28	3.90	2.40	0.667	-0.138	0.240	0.179	-0.02271	-0.470	0.620	3.101	4.226
-91.28	3.90	2.55	0.687	-0.138	0.239	0.173	-0.02134	-0.557	0.799	3.194	4.439
-91.28	3.90	2.70	0.701	-0.131	0.238	0.179	-0.02209	-0.562	0.737	3.225	4.275
-91.28	3.90	2.85	0.722	-0.131	0.234	0.169	-0.02059	-0.592	0.856	3.382	4.927
-91.28	3.90	3.00	0.736	-0.115	0.227	0.166	-0.01914	-0.624	0.974	3.448	4.969
-91.28	3.90	3.15	0.772	-0.114	0.234	0.168	-0.01984	-0.672	1.007	3.549	5.560
-91.28	3.90	3.38	0.781	-0.093	0.224	0.160	-0.01939	-0.629	1.152	3.632	6.032
-91.28	3.90	3.60	0.814	-0.091	0.209	0.146	-0.01600	-0.696	1.202	4.173	6.113
-91.28	3.90	3.83	0.826	-0.078	0.201	0.142	-0.01399	-0.613	1.433	3.823	7.081
-91.28	3.90	4.13	0.847	-0.064	0.196	0.129	-0.01314	-0.551	1.195	3.940	6.211
-91.28	3.90	4.50	0.884	-0.049	0.184	0.120	-0.01015	-0.359	1.097	3.733	6.313
-91.28	3.90	4.88	0.889	-0.032	0.173	0.110	-0.00834	-0.382	1.058	4.114	7.108
-91.28	3.90	5.25	0.919	-0.019	0.166	0.107	-0.00775	-0.218	0.754	3.223	6.564
-91.28	3.90	6.00	0.958	0.000	0.152	0.099	-0.00558	-0.070	0.301	3.030	5.090
-91.28	3.90	7.50	1.008	0.022	0.149	0.096	-0.00467	-0.050	-0.012	2.937	5.562
-91.28	3.90	9.00	1.034	0.035	0.147	0.096	-0.00461	-0.106	-0.015	2.812	5.910
-91.28	3.90	10.50	1.072	0.038	0.150	0.098	-0.00443	-0.062	-0.044	2.678	6.633
-91.28	3.90	12.00	1.071	0.038	0.149	0.100	-0.00497	-0.128	-0.268	2.842	6.712
-91.28	3.90	13.50	1.102	0.036	0.137	0.099	-0.00448	-0.166	0.127	2.767	5.943
-78.30	-2.18	0.45	0.626	-0.094	0.196	0.133	-0.00280	-0.038	-0.075	3.212	4.168
-78.30	-2.18	0.68	0.636	-0.106	0.195	0.146	-0.00367	-0.124	-0.041	3.274	3.922
-78.30	-2.18	0.90	0.626	-0.114	0.200	0.156	-0.00396	-0.231	-0.001	3.583	3.646
-78.30	-2.18	1.13	0.623	-0.123	0.205	0.165	-0.00431	-0.203	0.135	3.036	3.763
-78.30	-2.18	1.35	0.639	-0.131	0.203	0.175	-0.00465	-0.113	0.130	3.070	3.555
-78.30	-2.18	1.58	0.643	-0.136	0.203	0.179	-0.00507	-0.142	0.244	3.186	3.880
-78.30	-2.18	1.80	0.649	-0.138	0.208	0.183	-0.00642	-0.160	0.234	3.114	3.711
-78.30	-2.18	1.95	0.648	-0.137	0.209	0.180	-0.00597	-0.158	0.267	3.083	3.809
-78.30	-2.18	2.10	0.633	-0.130	0.216	0.185	-0.00652	-0.092	0.322	3.053	3.675
-78.30	-2.18	2.25	0.617	-0.123	0.220	0.183	-0.00679	-0.175	0.387	2.933	3.770
-78.30	-2.18	2.40	0.612	-0.118	0.223	0.192	-0.00874	-0.147	0.495	2.923	3.747
-78.30	-2.18	2.55	0.643	-0.126	0.226	0.189	-0.00848	-0.231	0.470	3.083	4.141
-78.30	-2.18	2.70	0.654	-0.121	0.228	0.182	-0.00957	-0.159	0.503	2.875	4.011
-78.30	-2.18	2.85	0.688	-0.121	0.226	0.175	-0.00884	-0.234	0.510	2.874	4.082
-78.30	-2.18	3.00	0.668	-0.108	0.227	0.185	-0.01185	-0.153	0.697	2.892	4.347
-78.30	-2.18	3.15	0.671	-0.103	0.233	0.182	-0.01088	-0.182	0.670	2.804	4.317
-78.30	-2.18	3.38	0.676	-0.092	0.239	0.184	-0.01346	-0.241	0.641	2.731	4.156
-78.30	-2.18	3.60	0.669	-0.073	0.237	0.186	-0.01459	-0.191	0.746	2.789	4.258
-78.30	-2.18	3.83	0.685	-0.056	0.244	0.182	-0.01533	-0.237	0.756	2.624	3.940
-78.30	-2.18	4.13	0.731	-0.068	0.242	0.168	-0.01382	-0.390	0.849	2.870	4.632
-78.30	-2.18	4.50	0.774	-0.044	0.232	0.166	-0.01627	-0.453	1.004	3.139	5.263
-78.30	-2.18	4.88	0.821	-0.035	0.236	0.158	-0.01683	-0.476	1.038	3.182	5.298
-78.30	-2.18	5.25	0.844	-0.020	0.221	0.149	-0.01454	-0.590	1.110	3.395	5.752
-78.30	-2.18	6.00	0.894	0.005	0.202	0.140	-0.01267	-0.662	1.135	3.879	6.047
-78.30	-2.18	7.50	0.978	0.030	0.165	0.114	-0.00654	-0.461	0.912	3.949	7.608
-78.30	-2.18	9.00	1.014	0.036	0.154	0.102	-0.00520	-0.139	0.477	3.260	5.078
-78.30	-2.18	10.50	1.037	0.042	0.150	0.104	-0.00555	-0.144	0.019	2.931	5.315
-78.30	-2.18	12.00	1.054	0.043	0.141	0.103	-0.00463	0.017	-0.260	2.889	6.629
-78.30	-2.18	13.50	1.084	0.039	0.138	0.101	-0.00397	-0.123	0.153	2.834	7.722
-71.48	1.80	0.90	0.335	-0.063	0.179	0.193	-0.00316	0.466	0.117	3.961	3.135
-71.48	1.80	1.13	0.342	-0.046	0.187	0.206	-0.00360	0.387	0.033	3.576	2.830
-71.48	1.80	1.35	0.351	-0.037	0.188	0.211	-0.00441	0.438	0.169	3.660	2.704
-71.48	1.80	1.58	0.359	-0.022	0.198	0.220	-0.00758	0.495	0.086	3.482	2.642
-71.48	1.80	1.80	0.377	-0.003	0.213	0.232	-0.01026	0.488	0.074	3.368	2.539
-71.48	1.80	1.95	0.385	-0.004	0.216	0.225	-0.00923	0.545	0.178	3.671	2.648
-71.48	1.80	2.10	0.382	0.008	0.217	0.227	-0.01161	0.482	0.089	3.262	2.570
-71.48	1.80	2.25	0.397	0.013	0.225	0.229	-0.01256	0.379	0.182	2.945	2.356
-71.48	1.80	2.40	0.406	0.033	0.236	0.235	-0.01616	0.448	0.080	3.057	2.496
-71.48	1.80	2.55	0.429	0.035	0.245	0.241	-0.01970	0.454	0.110	2.846	2.425
-71.48	1.80	2.70	0.463	0.032	0.255	0.238	-0.02111	0.410	0.189	3.104	2.463
-71.48	1.80	2.85	0.484	0.035	0.248	0.235	-0.01984	0.277	0.244	2.687	2.593
-71.48	1.80	3.00	0.519	0.043	0.263	0.232	-0.02202	0.120	0.267	2.698	2.680
-71.48	1.80	3.15	0.537	0.038	0.258	0.223	-0.02156	0.147	0.267	2.590	2.640
-71.48	1.80	3.38	0.576	0.035	0.264	0.222	-0.02257	0.051	0.384	2.604	2.823
-71.48	1.80	3.60	0.601	0.054	0.267	0.218	-0.02223	0.018	0.401	2.496	2.824
-71.48	1.80	3.83	0.615	0.043	0.263	0.209	-0.02063	-0.051	0.389	2.467	3.038
-71.48	1.80	4.13	0.649	0.039	0.256	0.201	-0.01900	-0.087	0.542	2.476	3.199
-71.48	1.80	4.50	0.706	0.039	0.266	0.199	-0.02122	-0.228	0.570	2.846	3.463
-71.48	1.80	4.88	0.743	0.037	0.256	0.185	-0.01783	-0.332	0.674	2.926	4.157
-71.48	1.80	5.25	0.810	0.033	0.246	0.176	-0.01717	-0.509	0.765	2.995	4.116
-71.48	1.80	6.00	0.877	0.022	0.216	0.146	-0.01015	-0.553	0.805	3.512	5.554
-71.48	1.80	7.50	0.967	0.024	0.176	0.115	-0.00612	-0.435	0.463	3.727	6.275
-71.48	1.80	9.00	1.017	0.028	0.153	0.104	-0.00446	-0.294	0.465	3.369	4.851
-71.48	1.80	10.50	1.061	0.024	0.150	0.097	-0.00432	-0.324	0.096	4.305	4.390
-71.48	1.80	12.00	1.070	0.029	0.144	0.097	-0.00400	-0.098	0.002	2.938	3.858
-71.48	1.80	13.50	1.105	0.025	0.144	0.100	-0.00473	-0.078	-0.020	2.789	4.033
-65.48	-8.18	0.45	0.433	-0.111	0.187	0.116	-0.00357	0.043	-0.187	2.915	4.787
-65.48	-8.18	0.68	0.446	-0.121	0.183	0.124	-0.00277	0.007	-0.183	2.979	3.997
-65.48	-8.18	0.90	0.465	-0.132	0.184	0.139	-0.00324	0.056	-0.270	3.251	4.510
-65.48	-8.18	1.13	0.474	-0.140	0.190	0.146	-0.00403	0.034	-0.069	3.093	4.352
-65.48	-8.18	1.35	0.487	-0.140	0.194	0.154	-0.00485	-0.014	0.024	3.315	3.652
-65.48	-8.18	1.58	0.511	-0.141	0.196	0.154	-0.00583	0.096	0.026	3.202	3.503
-65.48	-8.18	1.80	0.523	-0.142	0.198	0.158	-0.00718	0.067	0.111	3.292	3.600
-65.48	-8.18	1.95	0.521	-0.135	0.201	0.164	-0.00828	0.049	0.152	3.147	3.478
-65.48	-8.18	2.10	0.533	-0.137	0.195	0.158	-0.00866	0.149	0.127	3.316	3.134
-65.48	-8.18	2.25	0.544	-0.127	0.199	0.158	-0.00823	0.117	0.264	3.017	3.593
-65.48	-8.18	2.40	0.556	-0.128	0.204	0.160	-0.01024	0.113	0.175	2.870	3.361
-65.48	-8.18	2.55	0.558	-0.123	0.209	0.160	-0.01184	0.104	0.321	2.902	3.397
-65.48	-8.18	2.70	0.556	-0.110	0.212	0.162	-0.01119	0.047	0.310	3.002	3.344
-65.48	-8.18	2.85	0.562	-0.102	0.210	0.160	-0.00864	0.133	0.429	2.920	3.798
-65.48	-8.18	3.00	0.574	-0.097	0.208	0.163	-0.01159	0.144	0.338	2.994	3.479
-65.48	-8.18	3.15	0.590	-0.098	0.214	0.161	-0.01113	0.063	0.402	2.849	3.333
-65.48	-8.18	3.38	0.606	-0.090	0.225	0.167	-0.01151	-0.011	0.511	2.890	3.433
-65.48	-8.18	3.60	0.633	-0.078	0.220	0.166	-0.01233	-0.081	0.371	2.779	3.717
-65.48	-8.18	3.83	0.643	-0.061	0.232	0.159	-0.01085	0.051	0.417	2.764	3.602
-65.48	-8.18	4.13	0.677	-0.053	0.228	0.155	-0.01118	-0.015	0.446	2.731	3.379
-65.48	-8.18	4.50	0.715	-0.035	0.227	0.154	-0.01096	-0.086	0.544	2.722	3.858
-65.48	-8.18	4.88	0.734	-0.017	0.222	0.156	-0.01141	-0.203	0.587	2.741	4.243
-65.48	-8.18	5.25	0.760	-0.006	0.222	0.150	-0.01054	-0.253	0.493	3.036	3.749
-65.48	-8.18	6.00	0.815	0.009	0.216	0.143	-0.01030	-0.303	0.517	2.982	3.867
-65.48	-8.18	7.50	0.936	0.029	0.190	0.128	-0.00838	-0.478	0.521	3.446	4.206
-65.48	-8.18	9.00	1.004	0.031	0.160	0.111	-0.00563	-0.332	0.385	3.374	4.458
-65.48	-8.18	10.50	1.023	0.040	0.149	0.106	-0.00484	-0.205	0.484	2.957	4.976
-65.48	-8.18	12.00	1.051	0.035	0.140	0.101	-0.00461	-0.088	0.187	2.946	3.623
-65.48	-8.18	13.50	1.077	0.040	0.141	0.104	-0.00524	-0.093	-0.498	2.945	6.958
-64.73	5.70	0.45	0.551	-0.080	0.200	0.132	-0.00224	-0.017	-0.147	3.014	4.316
-64.73	5.70	0.68	0.570	-0.083	0.201	0.145	-0.00415	-0.067	-0.014	3.192	3.637
-64.73	5.70	0.90	0.581	-0.087	0.205	0.147	-0.00501	-0.058	-0.007	3.035	3.801
-64.73	5.70	1.13	0.604	-0.093	0.199	0.152	-0.00509	-0.115	0.096	3.371	3.494
-64.73	5.70	1.35	0.611	-0.090	0.198	0.152	-0.00569	-0.040	0.062	3.223	3.608
-64.73	5.70	1.58	0.624	-0.090	0.197	0.155	-0.00605	-0.022	0.144	3.111	3.770
-64.73	5.70	1.80	0.634	-0.087	0.194	0.158	-0.00658	-0.145	0.174	3.218	3.834
-64.73	5.70	1.95	0.647	-0.086	0.196	0.159	-0.00670	-0.047	0.199	3.161	3.720
-64.73	5.70	2.10	0.655	-0.085	0.196	0.160	-0.00680	-0.024	0.247	3.294	3.654
-64.73	5.70	2.25	0.639	-0.078	0.196	0.159	-0.00750	-0.038	0.260	3.144	3.753
-64.73	5.70	2.40	0.652	-0.076	0.194	0.164	-0.00763	-0.003	0.255	3.252	3.788
-64.73	5.70	2.55	0.658	-0.076	0.195	0.164	-0.00869	-0.042	0.237	3.047	3.822
-64.73	5.70	2.70	0.662	-0.072	0.196	0.165	-0.00847	-0.086	0.306	3.020	3.531
-64.73	5.70	2.85	0.657	-0.063	0.194	0.166	-0.00854	0.005	0.300	3.062	3.503
-64.73	5.70	3.00	0.673	-0.057	0.198	0.168	-0.00968	-0.056	0.376	2.925	3.444
-64.73	5.70	3.15	0.670	-0.062	0.201	0.165	-0.00928	0.034	0.401	3.161	3.657
-64.73	5.70	3.38	0.671	-0.047	0.197	0.166	-0.01059	0.040	0.370	2.870	3.748
-64.73	5.70	3.60	0.688	-0.049	0.200	0.164	-0.00923	-0.022	0.284	3.027	3.700
-64.73	5.70	3.83	0.706	-0.036	0.201	0.167	-0.01051	0.078	0.361	2.916	3.562
-64.73	5.70	4.13	0.711	-0.021	0.209	0.169	-0.01191	0.032	0.455	2.752	3.534
-64.73	5.70	4.50	0.737	-0.014	0.211	0.167	-0.01173	0.014	0.492	2.747	3.848
-64.73	5.70	4.88	0.757	-0.012	0.211	0.160	-0.01142	-0.114	0.586	2.685	3.757
-64.73	5.70	5.25	0.781	0.006	0.211	0.160	-0.01155	-0.143	0.511	2.753	3.990
-64.73	5.70	6.00	0.838	0.008	0.211	0.146	-0.01030	-0.208	0.612	3.034	4.068
-64.73	5.70	7.50	0.926	0.023	0.187	0.125	-0.00711	-0.388	0.495	3.182	4.140
-64.73	5.70	9.00	0.989	0.026	0.169	0.111	-0.00526	-0.325	0.486	3.288	4.573
-64.73	5.70	10.50	1.042	0.029	0.157	0.101	-0.00439	-0.214	0.500	3.131	4.631
-64.73	5.70	12.00	1.068	0.023	0.144	0.100	-0.00391	-0.146	0.250	3.928	5.607
-64.73	5.70	13.50	1.084	0.023	0.140	0.100	-0.00424	-0.043	0.232	2.811	4.743
-58.28	9.30	0.90	0.301	-0.052	0.164	0.174	-0.00388	0.303	0.055	3.822	3.095
-58.28	9.30	1.13	0.310	-0.040	0.171	0.187	-0.00435	0.530	0.012	5.216	3.010
-58.28	9.30	1.35	0.321	-0.029	0.174	0.191	-0.00636	0.549	0.087	5.057	2.758
-58.28	9.30	1.58	0.342	-0.023	0.184	0.202	-0.00946	0.421	0.066	3.608	2.732
-58.28	9.30	1.80	0.359	-0.012	0.191	0.211	-0.01065	0.438	0.046	3.453	2.777
-58.28	9.30	1.95	0.373	-0.007	0.197	0.209	-0.01117	0.423	0.075	3.513	2.623
-58.28	9.30	2.10	0.395	0.002	0.211	0.211	-0.01465	0.419	0.080	3.181	2.729
-58.28	9.30	2.25	0.408	0.011	0.215	0.212	-0.01516	0.404	0.020	3.230	2.760
-58.28	9.30	2.40	0.424	0.008	0.215	0.213	-0.01609	0.329	0.177	2.857	2.671
-58.28	9.30	2.55	0.436	0.016	0.222	0.210	-0.01727	0.260	0.108	2.848	2.576
-58.28	9.30	2.70	0.451	0.030	0.229	0.211	-0.01893	0.266	0.122	2.945	2.589
-58.28	9.30	2.85	0.487	0.026	0.228	0.208	-0.01768	0.163	0.164	2.827	2.797
-58.28	9.30	3.00	0.516	0.014	0.240	0.209	-0.02034	0.269	0.193	2.912	2.942
-58.28	9.30	3.15	0.538	0.020	0.242	0.206	-0.01949	0.176	0.202	2.683	2.788
-58.28	9.30	3.38	0.565	0.023	0.239	0.195	-0.01901	0.051	0.299	2.706	2.982
-58.28	9.30	3.60	0.609	0.018	0.237	0.189	-0.01793	-0.081	0.250	2.706	3.075
-58.28	9.30	3.83	0.639	0.015	0.239	0.189	-0.01731	0.024	0.375	2.871	3.243
-58.28	9.30	4.13	0.682	0.013	0.238	0.179	-0.01613	-0.109	0.448	2.888	3.392
-58.28	9.30	4.50	0.732	0.013	0.229	0.172	-0.01381	-0.176	0.462	2.899	3.670
-58.28	9.30	4.88	0.778	0.008	0.224	0.162	-0.01233	-0.267	0.456	2.999	3.579
-58.28	9.30	5.25	0.797	0.010	0.217	0.157	-0.01174	-0.222	0.477	2.901	3.662
-58.28	9.30	6.00	0.854	0.011	0.205	0.141	-0.00900	-0.262	0.479	2.801	4.149
-58.28	9.30	7.50	0.928	0.008	0.186	0.125	-0.00772	-0.249	0.355	2.998	4.941
-58.28	9.30	9.00	0.986	0.021	0.173	0.112	-0.00614	-0.260	0.513	3.250	4.040
-58.28	9.30	10.50	1.054	0.019	0.157	0.106	-0.00568	-0.218	0.258	3.205	4.803
-58.28	9.30	12.00	1.078	0.017	0.149	0.102	-0.00448	-0.205	0.124	3.118	5.383
-58.28	9.30	13.50	1.096	0.023	0.148	0.099	-0.00476	-0.287	0.157	4.287	3.909
-52.50	-0.68	0.45	0.382	-0.115	0.180	0.127	-0.00445	0.225	0.020	4.441	4.546
-52.50	-0.68	0.68	0.432	-0.132	0.174	0.140	-0.00637	0.122	-0.155	3.292	4.147
-52.50	-0.68	0.90	0.462	-0.148	0.185	0.144	-0.00868	0.105	-0.179	3.120	4.335
-52.50	-0.68	1.13	0.479	-0.153	0.181	0.152	-0.00901	0.183	-0.010	3.271	3.910
-52.50	-0.68	1.35	0.504	-0.158	0.190	0.151	-0.01033	0.137	-0.093	3.609	3.435
-52.50	-0.68	1.58	0.531	-0.166	0.189	0.152	-0.01044	0.085	0.029	3.072	3.561
-52.50	-0.68	1.80	0.546	-0.161	0.192	0.149	-0.01108	0.166	0.110	3.057	3.303
-52.50	-0.68	1.95	0.569	-0.166	0.200	0.149	-0.01224	0.125	0.120	3.065	3.418
-52.50	-0.68	2.10	0.580	-0.161	0.206	0.152	-0.01300	0.162	0.169	3.082	3.483
-52.50	-0.68	2.25	0.583	-0.155	0.198	0.150	-0.01153	0.115	0.252	3.374	3.502
-52.50	-0.68	2.40	0.595	-0.150	0.200	0.146	-0.01096	0.099	0.223	3.116	3.555
-52.50	-0.68	2.55	0.601	-0.146	0.199	0.140	-0.01041	0.178	0.274	3.158	3.603
-52.50	-0.68	2.70	0.629	-0.147	0.203	0.139	-0.00995	0.059	0.278	3.142	3.504
-52.50	-0.68	2.85	0.630	-0.135	0.203	0.142	-0.01109	0.119	0.292	3.066	3.373
-52.50	-0.68	3.00	0.635	-0.125	0.202	0.140	-0.01101	0.077	0.250	2.982	3.396
-52.50	-0.68	3.15	0.657	-0.123	0.203	0.138	-0.01017	0.143	0.407	3.090	4.129
-52.50	-0.68	3.38	0.658	-0.112	0.198	0.137	-0.00921	0.072	0.274	2.824	3.562
-52.50	-0.68	3.60	0.682	-0.105	0.209	0.141	-0.00993	0.206	0.429	3.077	4.090
-52.50	-0.68	3.83	0.701	-0.098	0.205	0.142	-0.00972	0.062	0.531	2.958	4.316
-52.50	-0.68	4.13	0.715	-0.084	0.205	0.140	-0.00901	0.042	0.348	2.820	3.503
-52.50	-0.68	4.50	0.733	-0.074	0.204	0.139	-0.00898	0.046	0.293	2.821	3.473
-52.50	-0.68	4.88	0.763	-0.060	0.214	0.139	-0.00962	-0.021	0.358	2.668	3.643
-52.50	-0.68	5.25	0.786	-0.049	0.208	0.138	-0.01003	-0.087	0.435	2.722	4.044
-52.50	-0.68	6.00	0.848	-0.033	0.206	0.135	-0.00937	-0.102	0.531	2.752	4.179
-52.50	-0.68	7.50	0.920	-0.007	0.195	0.125	-0.00864	-0.279	0.658	2.939	4.573
-52.50	-0.68	9.00	0.986	0.012	0.184	0.119	-0.00745	-0.387	0.687	3.392	5.187
-52.50	-0.68	10.50	1.040	0.014	0.161	0.103	-0.00540	-0.392	0.368	3.399	4.366
-52.50	-0.68	12.00	1.078	0.020	0.151	0.099	-0.00422	-0.193	0.159	3.148	5.583
-52.50	-0.68	13.50	1.099	0.019	0.142	0.098	-0.00432	-0.224	0.369	3.112	4.868
-26.33	1.65	0.45	0.522	-0.051	0.183	0.130	-0.00263	0.108	-0.238	3.253	3.581
-26.33	1.65	0.68	0.550	-0.058	0.188	0.137	-0.00356	0.050	-0.150	3.219	3.587
-26.33	1.65	0.90	0.568	-0.059	0.189	0.140	-0.00471	0.087	-0.092	3.263	3.489
-26.33	1.65	1.13	0.584	-0.061	0.192	0.141	-0.00532	0.068	-0.081	3.205	3.522
-26.33	1.65	1.35	0.593	-0.062	0.192	0.142	-0.00586	0.017	-0.042	3.232	3.507
-26.33	1.65	1.58	0.611	-0.059	0.191	0.143	-0.00661	0.020	0.027	3.170	3.503
-26.33	1.65	1.80	0.614	-0.056	0.193	0.143	-0.00735	0.005	0.058	3.145	3.607
-26.33	1.65	1.95	0.636	-0.055	0.191	0.142	-0.00748	0.046	0.044	3.202	3.569
-26.33	1.65	2.10	0.649	-0.055	0.190	0.141	-0.00755	0.004	0.093	3.144	3.450
-26.33	1.65	2.25	0.654	-0.051	0.191	0.142	-0.00780	0.048	0.111	3.129	3.545
-26.33	1.65	2.40	0.664	-0.053	0.186	0.140	-0.00743	-0.026	0.120	3.052	3.474
-26.33	1.65	2.55	0.670	-0.048	0.189	0.141	-0.00801	0.039	0.148	3.137	3.533
-26.33	1.65	2.70	0.674	-0.046	0.190	0.141	-0.00823	0.047	0.168	3.069	3.627
-26.33	1.65	2.85	0.685	-0.043	0.188	0.139	-0.00787	0.075	0.158	3.106	3.500
-26.33	1.65	3.00	0.683	-0.038	0.189	0.138	-0.00817	0.079	0.210	2.995	3.574
-26.33	1.65	3.15	0.695	-0.038	0.188	0.137	-0.00846	0.063	0.267	3.048	3.613
-26.33	1.65	3.38	0.714	-0.033	0.190	0.137	-0.00896	0.085	0.195	2.990	3.451
-26.33	1.65	3.60	0.695	-0.027	0.184	0.134	-0.00842	0.110	0.206	2.968	3.466
-26.33	1.65	3.83	0.732	-0.029	0.188	0.133	-0.00845	0.110	0.273	2.930	3.664
-26.33	1.65	4.13	0.739	-0.020	0.185	0.131	-0.00826	0.054	0.290	2.844	3.623
-26.33	1.65	4.50	0.768	-0.017	0.188	0.132	-0.00897	0.016	0.230	2.841	3.427
-26.33	1.65	4.88	0.787	-0.016	0.189	0.131	-0.00849	-0.011	0.322	2.766	3.563
-26.33	1.65	5.25	0.805	-0.013	0.196	0.127	-0.00963	0.015	0.317	2.764	3.549
-26.33	1.65	6.00	0.833	-0.004	0.189	0.125	-0.00851	-0.072	0.345	2.812	3.676
-26.33	1.65	7.50	0.918	0.002	0.188	0.120	-0.00804	-0.193	0.428	2.877	3.896
-26.33	1.65	9.00	0.966	0.003	0.180	0.111	-0.00706	-0.283	0.402	2.969	3.862
-26.33	1.65	10.50	1.006	0.010	0.168	0.104	-0.00556	-0.286	0.448	3.111	3.966
-26.33	1.65	12.00	1.049	0.009	0.158	0.101	-0.00522	-0.262	0.354	3.065	3.863
-26.33	1.65	13.50	1.105	0.006	0.148	0.097	-0.00470	-0.271	0.210	3.029	3.687
-19.80	6.30	1.80	0.414	-0.075	0.176	0.186	-0.00999	0.332	0.411	3.393	3.178
-19.80	6.30	1.95	0.426	-0.073	0.185	0.189	-0.01169	0.303	0.417	3.288	3.149
-19.80	6.30	2.10	0.436	-0.063	0.187	0.191	-0.01297	0.359	0.432	3.354	3.136
-19.80	6.30	2.25	0.460	-0.067	0.192	0.187	-0.01285	0.323	0.501	3.259	3.265
-19.80	6.30	2.40	0.477	-0.063	0.200	0.185	-0.01299	0.331	0.476	3.188	3.364
-19.80	6.30	2.55	0.480	-0.048	0.201	0.183	-0.01378	0.304	0.457	3.125	3.110
-19.80	6.30	2.70	0.514	-0.047	0.209	0.189	-0.01492	0.169	0.489	2.841	3.229
-19.80	6.30	2.85	0.528	-0.034	0.217	0.186	-0.01567	0.273	0.474	2.903	3.251
-19.80	6.30	3.00	0.545	-0.044	0.212	0.180	-0.01485	0.254	0.546	3.022	3.443
-19.80	6.30	3.15	0.555	-0.036	0.213	0.177	-0.01457	0.224	0.577	2.916	3.507
-19.80	6.30	3.38	0.593	-0.030	0.225	0.177	-0.01556	0.150	0.522	2.987	3.340
-19.80	6.30	3.60	0.622	-0.025	0.227	0.173	-0.01556	0.088	0.536	2.862	3.579
-19.80	6.30	3.83	0.642	-0.022	0.224	0.166	-0.01449	0.029	0.562	2.790	3.680
-19.80	6.30	4.13	0.689	-0.017	0.230	0.161	-0.01388	0.072	0.547	2.735	3.734
-19.80	6.30	4.50	0.714	-0.011	0.226	0.156	-0.01185	-0.057	0.456	2.682	3.721
-19.80	6.30	4.88	0.734	-0.013	0.212	0.145	-0.01104	-0.050	0.554	2.843	4.091
-19.80	6.30	5.25	0.769	-0.010	0.211	0.139	-0.01001	-0.070	0.454	2.840	3.821
-19.80	6.30	6.00	0.829	-0.005	0.206	0.135	-0.00903	-0.156	0.383	2.853	3.709
-19.80	6.30	7.50	0.904	-0.004	0.190	0.120	-0.00743	-0.202	0.410	2.797	3.921
-19.80	6.30	9.00	0.963	0.002	0.178	0.114	-0.00672	-0.246	0.405	2.855	3.755
-19.80	6.30	10.50	1.029	0.004	0.167	0.108	-0.00562	-0.399	0.431	3.152	4.075
-19.80	6.30	12.00	1.061	0.006	0.159	0.103	-0.00512	-0.263	0.354	3.123	3.918
-19.80	6.30	13.50	1.087	0.008	0.154	0.101	-0.00506	-0.185	0.340	2.989	3.900
-14.55	-1.35	0.45	0.462	-0.055	0.179	0.113	-0.00204	0.290	-0.161	3.294	4.194
-14.55	-1.35	0.68	0.481	-0.059	0.177	0.121	-0.00287	0.177	-0.167	3.128	3.889
-14.55	-1.35	0.90	0.486	-0.060	0.177	0.128	-0.00348	0.213	-0.143	2.984	3.857
-14.55	-1.35	1.13	0.503	-0.066	0.183	0.133	-0.00497	0.188	-0.185	2.940	3.587
-14.55	-1.35	1.35	0.506	-0.067	0.181	0.138	-0.00531	0.178	-0.142	3.077	3.491
-14.55	-1.35	1.58	0.519	-0.070	0.185	0.142	-0.00640	0.228	-0.110	3.053	3.407
-14.55	-1.35	1.80	0.526	-0.069	0.188	0.145	-0.00791	0.174	-0.123	2.842	3.319
-14.55	-1.35	1.95	0.528	-0.065	0.191	0.147	-0.00847	0.153	-0.069	2.844	3.227
-14.55	-1.35	2.10	0.538	-0.071	0.190	0.147	-0.00894	0.104	-0.038	2.845	3.181
-14.55	-1.35	2.25	0.545	-0.071	0.194	0.146	-0.00978	0.176	-0.012	2.856	3.120
-14.55	-1.35	2.40	0.548	-0.067	0.194	0.148	-0.01070	0.177	-0.047	2.805	3.114
-14.55	-1.35	2.55	0.564	-0.067	0.196	0.152	-0.01150	0.157	0.066	2.836	2.975
-14.55	-1.35	2.70	0.583	-0.066	0.195	0.149	-0.01121	0.106	0.067	2.797	3.115
-14.55	-1.35	2.85	0.598	-0.069	0.195	0.150	-0.01156	0.047	0.194	2.747	3.007
-14.55	-1.35	3.00	0.606	-0.068	0.200	0.151	-0.01280	0.048	0.118	2.803	3.074
-14.55	-1.35	3.15	0.620	-0.065	0.198	0.151	-0.01205	-0.007	0.148	2.767	3.091
-14.55	-1.35	3.38	0.637	-0.063	0.205	0.148	-0.01303	0.029	0.156	2.763	3.025
-14.55	-1.35	3.60	0.661	-0.059	0.206	0.150	-0.01306	0.014	0.233	2.737	3.114
-14.55	-1.35	3.83	0.671	-0.053	0.208	0.143	-0.01286	0.033	0.256	2.777	3.289
-14.55	-1.35	4.13	0.706	-0.053	0.204	0.143	-0.01282	0.010	0.306	2.893	3.362
-14.55	-1.35	4.50	0.730	-0.049	0.195	0.139	-0.01068	-0.070	0.255	2.812	3.309
-14.55	-1.35	4.88	0.752	-0.046	0.199	0.137	-0.01070	0.026	0.321	2.835	3.498
-14.55	-1.35	5.25	0.773	-0.037	0.195	0.134	-0.01023	-0.066	0.367	2.827	3.447
-14.55	-1.35	6.00	0.829	-0.030	0.195	0.126	-0.00983	-0.118	0.324	2.693	3.564
-14.55	-1.35	7.50	0.905	-0.015	0.192	0.121	-0.00850	-0.135	0.345	2.765	3.618
-14.55	-1.35	9.00	0.962	-0.003	0.181	0.115	-0.00745	-0.284	0.445	2.917	3.998
-14.55	-1.35	10.50	1.030	0.001	0.169	0.109	-0.00625	-0.304	0.383	3.038	3.761
-14.55	-1.35	12.00	1.052	0.006	0.160	0.104	-0.00566	-0.388	0.415	3.165	3.909
-14.55	-1.35	13.50	1.088	0.005	0.151	0.101	-0.00499	-0.374	0.398	3.233	3.962
31.20	-8.10	0.45	0.475	-0.076	0.201	0.154	-0.00286	0.125	-0.181	3.384	3.651
31.20	-8.10	0.68	0.484	-0.080	0.200	0.157	-0.00376	0.053	-0.117	3.455	3.551
31.20	-8.10	0.90	0.502	-0.089	0.207	0.163	-0.00481	0.000	-0.073	3.456	3.533
31.20	-8.10	1.13	0.511	-0.084	0.203	0.163	-0.00541	-0.065	0.016	3.406	3.510
31.20	-8.10	1.35	0.521	-0.084	0.204	0.163	-0.00616	-0.064	0.006	3.417	3.472
31.20	-8.10	1.58	0.533	-0.075	0.198	0.164	-0.00689	-0.077	0.092	3.420	3.469
31.20	-8.10	1.80	0.552	-0.073	0.203	0.163	-0.00846	-0.113	0.133	3.363	3.575
31.20	-8.10	1.95	0.556	-0.068	0.198	0.159	-0.00780	-0.040	0.221	3.434	3.604
31.20	-8.10	2.10	0.560	-0.063	0.198	0.159	-0.00865	-0.084	0.211	3.451	3.593
31.20	-8.10	2.25	0.578	-0.061	0.197	0.161	-0.00940	-0.017	0.243	3.363	3.580
31.20	-8.10	2.40	0.586	-0.058	0.192	0.156	-0.00856	-0.019	0.281	3.304	3.657
31.20	-8.10	2.55	0.595	-0.050	0.193	0.156	-0.00855	0.026	0.304	3.222	3.660
31.20	-8.10	2.70	0.610	-0.046	0.193	0.151	-0.00898	0.034	0.327	3.117	3.753
31.20	-8.10	2.85	0.610	-0.044	0.188	0.153	-0.00894	0.037	0.331	3.203	3.664
31.20	-8.10	3.00	0.615	-0.038	0.188	0.152	-0.00867	0.076	0.360	3.175	3.625
31.20	-8.10	3.15	0.626	-0.031	0.192	0.154	-0.00961	0.116	0.414	3.100	3.755
31.20	-8.10	3.38	0.635	-0.027	0.187	0.153	-0.00930	0.060	0.372	3.100	3.679
31.20	-8.10	3.60	0.644	-0.018	0.192	0.154	-0.01003	0.150	0.404	2.918	3.666
31.20	-8.10	3.83	0.661	-0.021	0.189	0.148	-0.00916	0.156	0.434	3.066	3.770
31.20	-8.10	4.13	0.676	-0.016	0.189	0.148	-0.01010	0.095	0.447	3.044	3.822
31.20	-8.10	4.50	0.695	-0.006	0.197	0.151	-0.01090	0.087	0.481	2.900	3.631
31.20	-8.10	4.88	0.712	0.004	0.196	0.149	-0.01084	0.081	0.491	2.794	3.718
31.20	-8.10	5.25	0.746	0.001	0.210	0.149	-0.01150	0.152	0.475	2.746	3.819
31.20	-8.10	6.00	0.773	0.003	0.203	0.141	-0.01105	-0.031	0.415	2.744	3.673
31.20	-8.10	7.50	0.859	0.006	0.199	0.130	-0.00900	-0.112	0.499	2.810	3.865
31.20	-8.10	9.00	0.936	0.007	0.197	0.124	-0.00916	-0.265	0.440	2.931	3.728
31.20	-8.10	10.50	1.001	0.001	0.187	0.117	-0.00714	-0.390	0.345	2.917	3.759
31.20	-8.10	12.00	1.030	0.005	0.170	0.108	-0.00617	-0.318	0.472	3.068	3.979
31.20	-8.10	13.50	1.094	-0.002	0.166	0.104	-0.00537	-0.405	0.330	3.119	3.738
37.88	-3.38	0.90	0.385	-0.136	0.152	0.147	-0.00620	0.019	0.108	3.451	3.648
37.88	-3.38	1.13	0.403	-0.137	0.157	0.154	-0.00757	0.125	0.185	3.491	3.731
37.88	-3.38	1.35	0.427	-0.142	0.164	0.160	-0.00941	0.236	0.288	3.480	3.667
37.88	-3.38	1.58	0.455	-0.142	0.175	0.162	-0.01104	0.273	0.321	3.465	3.734
37.88	-3.38	1.80	0.479	-0.138	0.178	0.159	-0.01121	0.284	0.351	3.170	3.760
37.88	-3.38	1.95	0.502	-0.139	0.188	0.158	-0.01154	0.332	0.423	3.293	3.747
37.88	-3.38	2.10	0.517	-0.130	0.191	0.160	-0.01216	0.241	0.458	3.081	3.833
37.88	-3.38	2.25	0.546	-0.128	0.197	0.156	-0.01168	0.272	0.434	3.017	3.871
37.88	-3.38	2.40	0.555	-0.123	0.199	0.153	-0.01107	0.288	0.527	3.135	4.099
37.88	-3.38	2.55	0.572	-0.116	0.202	0.149	-0.01110	0.188	0.471	2.918	3.765
37.88	-3.38	2.70	0.592	-0.114	0.206	0.149	-0.01136	0.218	0.435	2.872	3.892
37.88	-3.38	2.85	0.608	-0.104	0.210	0.147	-0.01068	0.181	0.552	2.809	4.128
37.88	-3.38	3.00	0.640	-0.105	0.214	0.142	-0.01018	0.182	0.486	2.788	4.029
37.88	-3.38	3.15	0.633	-0.097	0.209	0.141	-0.00908	0.146	0.537	2.716	4.196
37.88	-3.38	3.38	0.655	-0.093	0.209	0.138	-0.00860	0.129	0.410	2.773	3.914
37.88	-3.38	3.60	0.672	-0.082	0.208	0.134	-0.00804	0.074	0.395	2.689	3.901
37.88	-3.38	3.83	0.701	-0.077	0.214	0.137	-0.00876	0.063	0.475	2.799	4.021
37.88	-3.38	4.13	0.710	-0.064	0.208	0.139	-0.00902	0.032	0.404	2.818	3.944
37.88	-3.38	4.50	0.759	-0.064	0.211	0.135	-0.00865	-0.041	0.434	2.739	3.953
37.88	-3.38	4.88	0.764	-0.052	0.208	0.131	-0.00845	-0.053	0.371	2.634	3.906
37.88	-3.38	5.25	0.786	-0.050	0.212	0.133	-0.00972	-0.054	0.449	2.679	3.985
37.88	-3.38	6.00	0.814	-0.039	0.202	0.128	-0.00879	-0.103	0.376	2.725	3.822
37.88	-3.38	7.50	0.884	-0.028	0.200	0.121	-0.00858	-0.182	0.320	2.685	3.630
37.88	-3.38	9.00	0.933	-0.016	0.194	0.120	-0.00880	-0.077	0.397	2.720	3.775
37.88	-3.38	10.50	0.985	-0.011	0.184	0.115	-0.00752	-0.294	0.467	2.972	3.804
37.88	-3.38	12.00	1.023	-0.007	0.170	0.111	-0.00655	-0.340	0.439	3.082	3.926
37.88	-3.38	13.50	1.064	-0.004	0.166	0.105	-0.00573	-0.334	0.374	3.122	3.826
43.20	-11.85	0.45	0.353	-0.061	0.170	0.109	-0.00309	0.473	-0.303	3.600	4.282
43.20	-11.85	0.68	0.369	-0.067	0.171	0.120	-0.00437	0.433	-0.337	3.410	3.976
43.20	-11.85	0.90	0.382	-0.068	0.176	0.129	-0.00589	0.466	-0.287	3.453	3.613
43.20	-11.85	1.13	0.403	-0.070	0.186	0.138	-0.00889	0.542	-0.243	3.510	3.339
43.20	-11.85	1.35	0.408	-0.067	0.183	0.139	-0.00915	0.504	-0.191	3.456	3.129
43.20	-11.85	1.58	0.431	-0.070	0.192	0.142	-0.01043	0.506	-0.087	3.351	3.038
43.20	-11.85	1.80	0.444	-0.067	0.199	0.146	-0.01248	0.470	-0.057	3.099	3.026
43.20	-11.85	1.95	0.458	-0.066	0.198	0.144	-0.01199	0.429	-0.025	3.064	3.041
43.20	-11.85	2.10	0.465	-0.064	0.204	0.148	-0.01338	0.430	-0.040	3.004	2.970
43.20	-11.85	2.25	0.488	-0.065	0.203	0.148	-0.01336	0.329	0.057	2.876	3.014
43.20	-11.85	2.40	0.489	-0.057	0.204	0.146	-0.01246	0.375	0.081	3.049	2.918
43.20	-11.85	2.55	0.523	-0.061	0.213	0.148	-0.01328	0.325	0.117	2.946	2.993
43.20	-11.85	2.70	0.538	-0.064	0.220	0.146	-0.01470	0.303	0.123	2.743	2.984
43.20	-11.85	2.85	0.537	-0.053	0.215	0.147	-0.01372	0.312	0.093	2.885	3.182
43.20	-11.85	3.00	0.544	-0.053	0.211	0.144	-0.01331	0.214	0.101	2.736	3.057
43.20	-11.85	3.15	0.554	-0.050	0.206	0.143	-0.01257	0.210	0.115	2.939	3.193
43.20	-11.85	3.38	0.581	-0.047	0.211	0.142	-0.01213	0.191	0.173	2.794	3.231
43.20	-11.85	3.60	0.602	-0.046	0.210	0.141	-0.01190	0.187	0.172	2.825	3.225
43.20	-11.85	3.83	0.626	-0.044	0.216	0.141	-0.01227	0.182	0.162	2.831	3.217
43.20	-11.85	4.13	0.646	-0.036	0.209	0.140	-0.01123	0.153	0.217	2.922	3.432
43.20	-11.85	4.50	0.674	-0.034	0.212	0.142	-0.01202	0.129	0.244	2.769	3.382
43.20	-11.85	4.88	0.711	-0.032	0.201	0.139	-0.01053	0.077	0.295	2.927	3.378
43.20	-11.85	5.25	0.735	-0.029	0.202	0.137	-0.00939	0.062	0.221	2.909	3.377
43.20	-11.85	6.00	0.762	-0.012	0.203	0.133	-0.00913	0.046	0.244	2.690	3.461
43.20	-11.85	7.50	0.847	-0.012	0.199	0.129	-0.00943	-0.134	0.293	2.576	3.380
43.20	-11.85	9.00	0.939	-0.010	0.194	0.125	-0.00909	-0.233	0.347	2.710	3.499
43.20	-11.85	10.50	0.996	-0.004	0.188	0.115	-0.00766	-0.277	0.373	2.840	3.603
43.20	-11.85	12.00	1.042	-0.005	0.177	0.109	-0.00639	-0.289	0.442	2.918	4.046
43.20	-11.85	13.50	1.077	0.000	0.166	0.107	-0.00579	-0.434	0.392	3.046	3.817
86.55	5.48	0.90	0.328	-0.137	0.155	0.174	-0.00736	-0.100	0.364	3.549	3.345
86.55	5.48	1.13	0.343	-0.136	0.159	0.182	-0.00884	-0.016	0.514	3.490	3.479
86.55	5.48	1.35	0.352	-0.125	0.164	0.189	-0.01066	0.028	0.563	3.381	3.364
86.55	5.48	1.58	0.373	-0.124	0.174	0.190	-0.01220	0.060	0.664	3.470	3.602
86.55	5.48	1.80	0.398	-0.116	0.181	0.192	-0.01412	0.113	0.641	3.295	3.569
86.55	5.48	1.95	0.422	-0.104	0.187	0.197	-0.01459	0.176	0.655	3.350	3.526
86.55	5.48	2.10	0.447	-0.106	0.190	0.190	-0.01520	0.126	0.675	3.242	3.554
86.55	5.48	2.25	0.478	-0.108	0.196	0.190	-0.01682	0.070	0.754	3.270	3.744
86.55	5.48	2.40	0.484	-0.085	0.202	0.194	-0.01656	0.149	0.675	3.111	3.497
86.55	5.48	2.55	0.495	-0.069	0.205	0.190	-0.01524	0.187	0.691	3.223	3.617
86.55	5.48	2.70	0.518	-0.075	0.208	0.183	-0.01472	0.149	0.649	3.155	3.701
86.55	5.48	2.85	0.550	-0.073	0.213	0.179	-0.01450	0.168	0.613	3.054	3.587
86.55	5.48	3.00	0.570	-0.066	0.216	0.175	-0.01432	0.179	0.679	3.183	3.774
86.55	5.48	3.15	0.594	-0.055	0.222	0.179	-0.01482	0.163	0.598	3.019	3.618
86.55	5.48	3.38	0.619	-0.049	0.223	0.172	-0.01311	0.166	0.604	2.966	3.734
86.55	5.48	3.60	0.649	-0.039	0.225	0.170	-0.01263	0.147	0.654	2.966	3.923
86.55	5.48	3.83	0.668	-0.040	0.217	0.161	-0.01109	0.149	0.612	2.954	3.854
86.55	5.48	4.13	0.687	-0.034	0.213	0.155	-0.00992	0.067	0.553	2.935	3.962
86.55	5.48	4.50	0.737	-0.022	0.219	0.153	-0.00954	-0.005	0.499	2.749	3.713
86.55	5.48	4.88	0.758	-0.022	0.217	0.148	-0.00940	0.022	0.441	2.852	3.682
86.55	5.48	5.25	0.777	-0.017	0.210	0.145	-0.00928	-0.060	0.381	2.800	3.634
86.55	5.48	6.00	0.821	-0.020	0.211	0.136	-0.00922	-0.112	0.336	2.657	3.598
86.55	5.48	7.50	0.887	-0.019	0.194	0.127	-0.00824	-0.143	0.347	2.852	3.686
86.55	5.48	9.00	0.957	-0.023	0.186	0.119	-0.00751	-0.227	0.329	2.862	3.587
86.55	5.48	10.50	1.005	-0.016	0.185	0.117	-0.00751	-0.280	0.437	2.913	3.903
86.55	5.48	12.00	1.044	-0.021	0.171	0.108	-0.00632	-0.213	0.415	2.960	3.704
86.55	5.48	13.50	1.091	-0.022	0.167	0.104	-0.00616	-0.242	0.347	2.868	3.693
91.28	-2.70	0.45	0.381	-0.110	0.177	0.132	-0.00613	0.140	-0.253	3.136	3.521
91.28	-2.70	0.68	0.402	-0.119	0.181	0.144	-0.00901	0.142	-0.229	3.108	3.372
91.28	-2.70	0.90	0.441	-0.138	0.194	0.153	-0.01166	0.133	-0.081	2.940	3.107
91.28	-2.70	1.13	0.452	-0.140	0.198	0.157	-0.01327	0.123	0.008	2.829	3.005
91.28	-2.70	1.35	0.480	-0.148	0.207	0.162	-0.01651	0.137	0.080	2.894	3.138
91.28	-2.70	1.58	0.491	-0.141	0.202	0.161	-0.01602	0.141	0.238	2.828	3.040
91.28	-2.70	1.80	0.521	-0.141	0.216	0.166	-0.01870	0.047	0.306	2.692	3.010
91.28	-2.70	1.95	0.526	-0.131	0.212	0.161	-0.01761	0.075	0.289	2.845	3.058
91.28	-2.70	2.10	0.547	-0.139	0.209	0.162	-0.01706	0.045	0.339	2.747	3.142
91.28	-2.70	2.25	0.555	-0.136	0.220	0.161	-0.01847	0.033	0.302	2.662	3.159
91.28	-2.70	2.40	0.586	-0.141	0.209	0.154	-0.01585	-0.107	0.392	2.734	3.448
91.28	-2.70	2.55	0.591	-0.129	0.217	0.155	-0.01696	-0.070	0.417	2.579	3.338
91.28	-2.70	2.70	0.608	-0.128	0.214	0.153	-0.01647	-0.017	0.405	2.802	3.419
91.28	-2.70	2.85	0.624	-0.125	0.217	0.148	-0.01563	-0.041	0.430	2.708	3.371
91.28	-2.70	3.00	0.635	-0.114	0.221	0.153	-0.01683	-0.055	0.391	2.786	3.435
91.28	-2.70	3.15	0.631	-0.108	0.213	0.146	-0.01515	-0.020	0.412	2.865	3.426
91.28	-2.70	3.38	0.663	-0.105	0.214	0.145	-0.01441	-0.064	0.396	2.795	3.588
91.28	-2.70	3.60	0.679	-0.095	0.213	0.145	-0.01390	-0.094	0.401	2.754	3.538
91.28	-2.70	3.83	0.695	-0.092	0.206	0.140	-0.01166	-0.066	0.351	2.954	3.542
91.28	-2.70	4.13	0.719	-0.086	0.208	0.139	-0.01259	-0.060	0.314	2.873	3.505
91.28	-2.70	4.50	0.755	-0.076	0.208	0.140	-0.01214	-0.096	0.250	2.730	3.460
91.28	-2.70	4.88	0.764	-0.068	0.196	0.134	-0.01017	-0.067	0.280	2.748	3.442
91.28	-2.70	5.25	0.794	-0.061	0.197	0.134	-0.01004	-0.101	0.278	2.876	3.501
91.28	-2.70	6.00	0.811	-0.043	0.193	0.129	-0.00946	-0.066	0.277	2.788	3.550
91.28	-2.70	7.50	0.886	-0.027	0.198	0.127	-0.00973	-0.050	0.369	2.705	3.562
91.28	-2.70	9.00	0.949	-0.030	0.190	0.118	-0.00822	-0.133	0.390	2.836	3.720
91.28	-2.70	10.50	1.017	-0.023	0.188	0.117	-0.00811	-0.306	0.393	2.902	3.605
91.28	-2.70	12.00	1.054	-0.020	0.176	0.113	-0.00750	-0.407	0.464	3.109	3.885
91.28	-2.70	13.50	1.064	-0.020	0.170	0.109	-0.00654	-0.364	0.342	3.003	3.905
