-39.75	11.70	0.90	0.409	-0.251	0.186	0.203	0.00439	0.390	-0.099	3.349	2.756
-38.40	9.60	0.90	0.412	-0.250	0.195	0.181	0.00245	0.259	0.013	3.227	3.408
-37.13	7.43	0.90	0.418	-0.274	0.186	0.172	0.00174	0.232	0.197	3.230	3.556
-35.93	5.18	0.90	0.444	-0.276	0.181	0.177	-0.00064	0.224	0.164	3.300	3.481
-34.65	3.08	0.90	0.474	-0.303	0.176	0.173	-0.00089	0.199	0.098	3.057	3.378
-33.38	0.90	0.90	0.497	-0.331	0.169	0.174	-0.00182	0.223	0.151	3.207	3.510
-32.18	-1.28	0.90	0.471	-0.349	0.163	0.178	-0.00229	0.147	0.191	3.237	3.649
-30.98	-3.45	0.90	0.411	-0.338	0.154	0.185	-0.00289	0.198	0.407	3.248	3.866
-29.70	-5.63	0.90	0.376	-0.313	0.161	0.203	0.00068	0.506	0.379	4.118	3.242
-28.43	-7.80	0.90	0.393	-0.263	0.196	0.183	0.00574	0.612	0.074	3.488	2.890
-30.60	-9.00	0.90	0.453	-0.266	0.218	0.146	0.00113	0.330	-0.144	2.784	3.351
-31.80	-6.83	0.90	0.405	-0.260	0.205	0.196	0.00896	0.652	-0.087	3.433	2.760
-33.08	-4.65	0.90	0.343	-0.302	0.167	0.217	0.00511	0.558	0.403	4.188	3.216
-34.28	-2.55	0.90	0.336	-0.374	0.154	0.189	-0.00160	0.111	0.422	3.543	4.164
-35.55	-0.30	0.90	0.377	-0.390	0.163	0.178	-0.00265	0.112	0.216	3.586	3.899
-36.83	1.88	0.90	0.425	-0.367	0.169	0.168	-0.00215	0.104	0.089	3.411	3.698
-38.10	3.98	0.90	0.449	-0.334	0.172	0.158	-0.00193	0.161	0.106	3.286	3.530
-39.38	6.15	0.90	0.456	-0.303	0.178	0.156	-0.00193	0.126	0.114	2.992	3.461
-40.65	8.33	0.90	0.464	-0.285	0.187	0.155	0.00004	0.074	0.033	2.904	3.545
-41.85	10.50	0.90	0.483	-0.255	0.210	0.166	0.00454	0.279	-0.139	2.875	3.132
-44.03	9.23	0.90	0.548	-0.317	0.190	0.142	-0.00199	0.077	-0.114	3.104	3.264
-42.83	7.05	0.90	0.429	-0.376	0.162	0.145	-0.00378	0.185	0.109	3.352	3.797
-41.55	4.88	0.90	0.356	-0.422	0.160	0.161	-0.00235	0.105	-0.032	3.558	3.404
-40.28	2.70	0.90	0.270	-0.458	0.169	0.171	-0.00172	-0.141	-0.026	3.660	3.423
-39.08	0.60	0.90	0.200	-0.448	0.160	0.171	-0.00184	-0.141	0.069	3.471	3.458
-37.80	-1.58	0.90	0.177	-0.403	0.149	0.179	-0.00184	-0.134	0.365	3.639	4.162
-36.53	-3.83	0.90	0.224	-0.300	0.156	0.224	0.00501	0.466	0.529	4.169	3.353
-35.25	-5.93	0.90	0.399	-0.178	0.221	0.208	0.01106	0.599	-0.068	3.228	2.600
-33.98	-8.10	0.90	0.602	-0.251	0.233	0.146	-0.00129	0.166	-0.188	2.797	3.344
-32.78	-10.20	0.90	0.421	-0.432	0.183	0.154	-0.00262	0.162	0.194	3.138	3.967
-34.95	-11.55	0.90	-0.122	-0.201	0.152	0.199	-0.00196	-0.072	0.054	3.390	3.269
-36.15	-9.38	0.90	0.011	0.141	0.150	0.175	-0.00117	1.241	-1.279	7.032	6.341
-37.43	-7.13	0.90	0.570	-0.061	0.218	0.168	0.00096	0.076	-0.045	2.798	3.394
-38.70	-5.03	0.90	0.300	-0.121	0.236	0.218	0.01171	0.685	0.009	3.405	2.508
-39.90	-2.93	0.90	0.072	-0.313	0.139	0.195	0.00068	0.141	0.591	3.613	4.052
-41.18	-0.68	0.90	0.040	-0.427	0.142	0.163	-0.00061	-0.029	0.014	3.362	3.264
-42.45	1.50	0.90	0.006	-0.442	0.148	0.162	-0.00046	-0.034	-0.022	3.534	3.212
-43.65	3.60	0.90	-0.003	-0.478	0.154	0.180	-0.00068	-0.018	-0.013	3.370	3.165
-44.93	5.85	0.90	0.020	-0.467	0.152	0.195	-0.00025	-0.033	-0.011	3.661	3.160
-46.20	7.95	0.90	0.294	-0.325	0.238	0.252	-0.00107	-0.152	0.264	3.006	2.731
-39.90	-2.93	0.90	0.070	-0.316	0.136	0.188	-0.00043	-0.001	0.651	3.382	4.294
-42.08	-4.13	0.90	0.074	-0.087	0.266	0.214	0.00746	0.900	0.080	3.451	2.585
-40.80	-6.23	0.90	0.514	-0.155	0.248	0.176	-0.00110	-0.008	-0.010	2.865	3.851
-39.60	-8.40	0.90	0.547	-0.169	0.175	0.188	-0.00185	0.157	0.273	3.189	4.015
-41.78	-9.68	0.90	0.490	-0.319	0.164	0.198	-0.00263	0.105	0.395	3.246	3.947
-39.23	-14.03	0.90	0.340	-0.356	0.169	0.229	-0.00371	-0.221	0.502	4.148	3.448
-40.50	-11.93	0.90	0.383	-0.340	0.165	0.221	-0.00325	-0.167	0.578	3.807	3.806
-42.98	-7.50	0.90	0.563	-0.327	0.174	0.189	-0.00283	0.218	-0.056	3.160	3.425
-44.33	-5.40	0.90	0.575	-0.333	0.185	0.201	-0.00071	0.297	-0.060	3.042	3.188
-45.60	-3.15	0.90	0.372	-0.369	0.168	0.211	0.00043	0.369	0.175	3.568	3.391
-46.80	-1.05	0.90	0.273	-0.282	0.172	0.240	-0.00075	0.018	0.412	3.562	3.609
-48.00	1.13	0.90	0.239	-0.245	0.184	0.251	-0.00509	-0.067	0.602	3.952	4.099
-49.28	3.38	0.90	0.233	-0.249	0.176	0.241	-0.00556	-0.309	0.420	4.204	3.714
-50.55	5.48	0.90	0.258	-0.240	0.174	0.246	-0.00882	-0.383	0.358	4.122	3.304
-52.65	4.28	0.90	0.368	-0.202	0.193	0.191	0.00256	0.339	0.004	3.427	3.169
-51.45	2.10	0.90	0.384	-0.224	0.211	0.171	-0.00046	0.145	0.085	3.234	3.712
-50.18	-0.15	0.90	0.420	-0.250	0.206	0.176	-0.00297	-0.025	0.352	3.167	3.793
-48.90	-2.25	0.90	0.451	-0.300	0.189	0.175	-0.00144	0.022	0.207	3.085	3.531
-47.70	-4.35	0.90	0.492	-0.358	0.182	0.176	-0.00146	0.031	0.027	3.191	3.395
-46.43	-6.60	0.90	0.507	-0.401	0.171	0.180	-0.00229	0.044	0.028	3.202	3.435
-45.23	-8.78	0.90	0.465	-0.389	0.157	0.187	-0.00310	0.092	0.408	3.318	4.368
-43.95	-10.88	0.90	0.420	-0.369	0.161	0.213	-0.00103	0.215	0.600	3.638	4.144
-42.68	-13.13	0.90	0.385	-0.318	0.173	0.224	0.00571	0.464	0.298	3.869	2.981
-41.40	-15.23	0.90	0.376	-0.300	0.179	0.204	0.00572	0.427	0.014	3.546	2.776
-43.58	-16.50	0.90	0.455	-0.277	0.205	0.156	0.00329	0.174	-0.188	2.757	3.169
-44.85	-14.33	0.90	0.430	-0.255	0.216	0.202	0.01254	0.576	-0.113	3.157	2.827
-46.13	-12.08	0.90	0.353	-0.310	0.183	0.233	0.01117	0.725	0.385	4.233	2.861
-47.33	-9.98	0.90	0.321	-0.395	0.161	0.212	-0.00076	0.079	0.567	3.647	4.129
-48.53	-7.88	0.90	0.346	-0.444	0.167	0.186	-0.00334	-0.059	0.152	3.438	3.635
-49.80	-5.70	0.90	0.400	-0.451	0.174	0.177	-0.00200	-0.104	-0.033	3.376	3.420
-51.08	-3.45	0.90	0.441	-0.393	0.171	0.165	-0.00184	0.038	0.049	3.257	3.487
-52.28	-1.35	0.90	0.471	-0.342	0.186	0.163	-0.00348	0.080	0.139	3.258	3.504
-53.55	0.83	0.90	0.486	-0.301	0.204	0.152	-0.00446	0.050	0.070	3.011	3.606
-54.83	2.93	0.90	0.496	-0.247	0.215	0.150	-0.00232	0.101	0.012	2.908	3.487
-57.00	1.65	0.90	0.597	-0.401	0.208	0.132	-0.00555	0.114	-0.039	3.148	3.803
-55.80	-0.45	0.90	0.387	-0.451	0.170	0.173	-0.00271	0.091	0.123	3.629	3.709
-54.53	-2.63	0.90	0.295	-0.503	0.171	0.173	-0.00167	-0.145	-0.056	3.579	3.429
-53.33	-4.73	0.90	0.191	-0.510	0.182	0.180	-0.00163	-0.270	0.075	3.501	3.406
-52.05	-6.98	0.90	0.128	-0.476	0.169	0.188	-0.00163	-0.188	0.099	3.420	3.264
-50.78	-9.15	0.90	0.143	-0.397	0.154	0.200	0.00078	-0.066	0.467	3.824	4.143
-49.50	-11.25	0.90	0.242	-0.276	0.193	0.248	0.01302	0.774	0.486	4.601	2.954
-48.30	-13.35	0.90	0.400	-0.181	0.222	0.205	0.00860	0.464	-0.026	2.968	2.838
-47.03	-15.60	0.90	0.588	-0.244	0.208	0.162	-0.00050	0.001	-0.048	2.972	3.376
-45.75	-17.78	0.90	0.495	-0.437	0.195	0.142	-0.00264	0.143	0.296	3.121	4.473
-47.93	-18.98	0.90	-0.132	-0.064	0.145	0.214	-0.00061	-0.009	0.046	3.569	2.842
-49.20	-16.88	0.90	0.796	0.012	0.166	0.167	0.00082	0.138	0.093	3.293	3.480
-50.48	-14.70	0.90	0.569	-0.148	0.205	0.182	0.00018	0.077	0.160	3.096	3.534
-51.68	-12.45	0.90	0.361	-0.136	0.244	0.209	0.00778	0.447	-0.001	3.015	2.819
-52.95	-10.35	0.90	0.101	-0.287	0.155	0.220	0.00386	0.512	0.718	4.617	3.794
-54.23	-8.18	0.90	0.108	-0.427	0.131	0.156	-0.00180	-0.059	0.064	3.466	3.311
-55.43	-6.00	0.90	0.089	-0.456	0.145	0.155	-0.00227	-0.084	-0.064	3.343	3.385
-56.63	-3.83	0.90	0.022	-0.474	0.165	0.177	-0.00261	-0.069	-0.074	3.529	3.229
-57.90	-1.65	0.90	-0.066	-0.450	0.168	0.204	-0.00237	-0.110	0.017	3.330	3.175
-59.18	0.45	0.90	-0.094	-0.192	0.160	0.216	-0.00018	-0.004	0.102	3.291	3.287
