-115.35	-4.88	0.45	0.624	0.004	0.142	0.094	-0.00234	0.233	-0.523	3.388	5.255
-115.35	-4.88	0.68	0.647	0.015	0.143	0.103	-0.00250	0.235	-0.550	3.327	4.977
-115.35	-4.88	0.90	0.672	0.024	0.148	0.111	-0.00295	0.219	-0.540	3.279	4.831
-115.35	-4.88	1.13	0.684	0.041	0.145	0.108	-0.00343	0.229	-0.384	3.204	4.473
-115.35	-4.88	1.35	0.692	0.050	0.148	0.106	-0.00376	0.239	-0.274	3.105	4.103
-115.35	-4.88	1.58	0.707	0.059	0.150	0.106	-0.00376	0.197	-0.149	3.059	3.921
-115.35	-4.88	1.80	0.713	0.066	0.152	0.102	-0.00430	0.236	-0.056	3.005	3.659
-115.35	-4.88	1.95	0.728	0.075	0.152	0.102	-0.00445	0.168	0.037	2.977	3.522
-115.35	-4.88	2.10	0.735	0.078	0.157	0.101	-0.00485	0.225	0.129	2.993	3.469
-115.35	-4.88	2.25	0.740	0.080	0.155	0.099	-0.00475	0.184	0.058	2.910	3.611
-115.35	-4.88	2.40	0.761	0.083	0.156	0.099	-0.00489	0.159	0.154	2.949	3.538
-115.35	-4.88	2.55	0.758	0.088	0.150	0.099	-0.00496	0.066	0.168	2.875	3.477
-115.35	-4.88	2.70	0.803	0.090	0.162	0.103	-0.00572	0.163	0.220	2.949	3.401
-115.35	-4.88	2.85	0.773	0.094	0.159	0.099	-0.00525	0.126	0.234	2.885	3.472
-115.35	-4.88	3.00	0.787	0.092	0.161	0.099	-0.00577	0.147	0.164	2.841	3.274
-115.35	-4.88	3.15	0.808	0.096	0.158	0.097	-0.00491	0.052	0.240	2.726	3.601
-115.35	-4.88	3.38	0.837	0.096	0.164	0.098	-0.00547	0.082	0.233	2.757	3.400
-115.35	-4.88	3.60	0.830	0.099	0.159	0.097	-0.00536	0.047	0.251	2.826	3.517
-115.35	-4.88	3.83	0.828	0.100	0.163	0.096	-0.00536	0.010	0.216	2.705	3.538
-115.35	-4.88	4.13	0.869	0.099	0.165	0.096	-0.00514	0.010	0.311	2.774	3.656
-115.35	-4.88	4.50	0.872	0.100	0.159	0.095	-0.00494	-0.002	0.226	2.705	3.663
-115.35	-4.88	4.88	0.896	0.093	0.157	0.094	-0.00502	-0.083	0.252	2.809	3.732
-115.35	-4.88	5.25	0.918	0.091	0.150	0.093	-0.00470	-0.102	0.180	2.887	3.692
-115.35	-4.88	6.00	0.954	0.085	0.157	0.092	-0.00432	-0.046	0.250	2.927	3.672
-115.35	-4.88	7.50	0.987	0.068	0.155	0.094	-0.00481	-0.054	0.157	2.784	3.701
-115.35	-4.88	9.00	1.017	0.055	0.148	0.095	-0.00437	-0.139	0.093	2.895	3.442
-115.35	-4.88	10.50	1.056	0.044	0.146	0.095	-0.00446	-0.142	0.166	2.806	3.490
-115.35	-4.88	12.00	1.079	0.031	0.145	0.098	-0.00412	-0.141	0.107	2.973	3.408
-115.35	-4.88	13.50	1.065	0.031	0.136	0.098	-0.00449	-0.012	0.052	3.020	3.256
-109.95	0.83	1.13	0.395	-0.202	0.183	0.184	-0.00423	-0.031	0.405	3.491	3.866
-109.95	0.83	1.35	0.389	-0.208	0.191	0.186	-0.00689	0.075	0.496	3.346	4.074
-109.95	0.83	1.58	0.398	-0.212	0.200	0.187	-0.00936	-0.010	0.639	3.394	4.420
-109.95	0.83	1.80	0.401	-0.213	0.207	0.185	-0.01161	-0.021	0.713	3.282	4.484
-109.95	0.83	1.95	0.415	-0.207	0.207	0.186	-0.01215	-0.025	0.838	3.215	4.894
-109.95	0.83	2.10	0.426	-0.205	0.216	0.186	-0.01349	0.005	0.827	3.242	4.795
-109.95	0.83	2.25	0.445	-0.195	0.218	0.189	-0.01423	-0.029	0.857	3.152	4.615
-109.95	0.83	2.40	0.457	-0.191	0.221	0.188	-0.01554	-0.040	0.893	3.102	4.895
-109.95	0.83	2.55	0.489	-0.177	0.228	0.196	-0.01720	-0.006	1.047	3.053	5.147
-109.95	0.83	2.70	0.517	-0.171	0.231	0.192	-0.01800	-0.090	0.861	2.880	4.706
-109.95	0.83	2.85	0.528	-0.145	0.237	0.197	-0.02026	-0.096	0.939	2.935	4.597
-109.95	0.83	3.00	0.542	-0.131	0.233	0.196	-0.01966	-0.103	1.005	2.993	4.616
-109.95	0.83	3.15	0.569	-0.123	0.238	0.195	-0.02024	-0.094	1.055	2.885	4.859
-109.95	0.83	3.38	0.605	-0.103	0.236	0.193	-0.02104	-0.118	0.999	2.919	4.639
-109.95	0.83	3.60	0.651	-0.096	0.228	0.176	-0.01881	-0.260	0.955	2.888	4.811
-109.95	0.83	3.83	0.690	-0.075	0.241	0.181	-0.02193	-0.246	0.935	2.865	4.340
-109.95	0.83	4.13	0.719	-0.054	0.230	0.177	-0.01983	-0.268	1.018	2.988	4.507
-109.95	0.83	4.50	0.787	-0.040	0.222	0.157	-0.01611	-0.288	0.916	2.845	4.424
-109.95	0.83	4.88	0.845	-0.032	0.201	0.141	-0.01255	-0.380	1.048	3.229	5.039
-109.95	0.83	5.25	0.886	-0.016	0.191	0.134	-0.01020	-0.421	1.066	3.381	5.324
-109.95	0.83	6.00	0.927	0.007	0.173	0.120	-0.00725	-0.310	0.801	3.246	4.885
-109.95	0.83	7.50	0.997	0.016	0.153	0.100	-0.00458	-0.147	0.374	2.935	4.133
-109.95	0.83	9.00	1.033	0.016	0.147	0.095	-0.00425	-0.076	0.163	3.114	3.629
-109.95	0.83	10.50	1.035	0.016	0.136	0.093	-0.00360	-0.073	0.145	2.878	3.561
-109.95	0.83	12.00	1.077	0.015	0.141	0.098	-0.00414	-0.054	0.135	2.778	3.372
-109.95	0.83	13.50	1.095	0.013	0.144	0.097	-0.00501	-0.130	0.131	2.830	3.473
-90.30	-7.73	0.45	0.471	0.009	0.225	0.146	0.00561	-0.448	-0.591	3.467	4.395
-90.30	-7.73	0.68	0.476	0.008	0.243	0.158	0.00627	-0.492	-0.588	3.324	4.204
-90.30	-7.73	0.90	0.492	0.011	0.251	0.165	0.00582	-0.404	-0.521	3.220	3.971
-90.30	-7.73	1.13	0.509	0.014	0.256	0.170	0.00434	-0.398	-0.501	3.154	3.938
-90.30	-7.73	1.35	0.529	0.023	0.255	0.168	0.00169	-0.390	-0.404	3.138	3.999
-90.30	-7.73	1.58	0.533	0.033	0.247	0.169	0.00000	-0.342	-0.385	3.163	3.900
-90.30	-7.73	1.80	0.542	0.034	0.248	0.172	-0.00175	-0.343	-0.299	3.050	3.759
-90.30	-7.73	1.95	0.557	0.040	0.248	0.174	-0.00349	-0.297	-0.247	3.092	3.638
-90.30	-7.73	2.10	0.593	0.046	0.246	0.167	-0.00483	-0.305	-0.174	3.093	3.809
-90.30	-7.73	2.25	0.595	0.048	0.241	0.167	-0.00506	-0.235	-0.104	3.115	3.720
-90.30	-7.73	2.40	0.620	0.054	0.244	0.162	-0.00567	-0.197	-0.055	3.093	3.651
-90.30	-7.73	2.55	0.618	0.056	0.236	0.161	-0.00573	-0.186	-0.014	3.081	3.488
-90.30	-7.73	2.70	0.646	0.061	0.230	0.159	-0.00664	-0.231	0.090	3.142	3.729
-90.30	-7.73	2.85	0.661	0.069	0.228	0.157	-0.00626	-0.224	0.160	3.083	3.742
-90.30	-7.73	3.00	0.666	0.068	0.222	0.151	-0.00598	-0.215	0.162	3.044	3.791
-90.30	-7.73	3.15	0.695	0.074	0.226	0.151	-0.00676	-0.164	0.190	3.006	3.813
-90.30	-7.73	3.38	0.715	0.078	0.222	0.147	-0.00618	-0.100	0.225	3.027	3.795
-90.30	-7.73	3.60	0.719	0.076	0.212	0.141	-0.00589	-0.123	0.224	2.904	3.766
-90.30	-7.73	3.83	0.733	0.082	0.209	0.143	-0.00691	-0.112	0.207	2.888	3.719
-90.30	-7.73	4.13	0.763	0.082	0.209	0.139	-0.00751	-0.045	0.305	2.802	3.623
-90.30	-7.73	4.50	0.811	0.080	0.204	0.136	-0.00782	-0.121	0.320	2.864	3.616
-90.30	-7.73	4.88	0.833	0.077	0.198	0.138	-0.00845	-0.128	0.380	2.811	3.773
-90.30	-7.73	5.25	0.866	0.074	0.193	0.133	-0.00879	-0.222	0.467	2.854	3.789
-90.30	-7.73	6.00	0.905	0.063	0.174	0.122	-0.00737	-0.233	0.576	2.971	4.313
-90.30	-7.73	7.50	0.977	0.048	0.155	0.103	-0.00469	-0.177	0.517	2.894	4.488
-90.30	-7.73	9.00	1.016	0.026	0.146	0.095	-0.00440	-0.213	0.195	2.961	3.874
-90.30	-7.73	10.50	1.039	0.023	0.143	0.092	-0.00406	-0.015	0.121	3.000	3.367
-90.30	-7.73	12.00	1.066	0.018	0.139	0.096	-0.00427	-0.090	0.130	2.852	3.533
-90.30	-7.73	13.50	1.084	0.015	0.142	0.096	-0.00439	-0.112	0.146	2.789	3.352
-84.83	-2.25	1.13	0.635	-0.165	0.179	0.132	-0.00567	0.067	0.278	2.958	3.786
-84.83	-2.25	1.35	0.623	-0.167	0.179	0.134	-0.00619	0.045	0.367	2.920	3.914
-84.83	-2.25	1.58	0.620	-0.168	0.181	0.131	-0.00699	0.115	0.380	2.919	3.906
-84.83	-2.25	1.80	0.631	-0.172	0.189	0.132	-0.00777	0.045	0.434	2.954	4.027
-84.83	-2.25	1.95	0.626	-0.165	0.193	0.131	-0.00830	0.057	0.497	2.758	4.247
-84.83	-2.25	2.10	0.653	-0.173	0.199	0.130	-0.00828	0.033	0.441	2.893	4.244
-84.83	-2.25	2.25	0.643	-0.168	0.195	0.129	-0.00800	0.042	0.468	2.914	4.365
-84.83	-2.25	2.40	0.648	-0.162	0.198	0.128	-0.00828	0.033	0.524	2.867	4.329
-84.83	-2.25	2.55	0.676	-0.166	0.201	0.125	-0.00828	0.024	0.473	2.986	4.338
-84.83	-2.25	2.70	0.669	-0.157	0.203	0.129	-0.00933	-0.011	0.546	2.806	4.317
-84.83	-2.25	2.85	0.689	-0.153	0.205	0.134	-0.00991	-0.100	0.605	2.695	4.645
-84.83	-2.25	3.00	0.667	-0.142	0.209	0.131	-0.01043	-0.036	0.670	2.782	4.879
-84.83	-2.25	3.15	0.674	-0.140	0.204	0.130	-0.01001	-0.019	0.550	2.748	4.090
-84.83	-2.25	3.38	0.684	-0.126	0.205	0.135	-0.01038	-0.043	0.575	2.873	4.358
-84.83	-2.25	3.60	0.703	-0.118	0.206	0.132	-0.01035	-0.002	0.544	2.797	4.188
-84.83	-2.25	3.83	0.727	-0.113	0.204	0.131	-0.00997	-0.049	0.686	2.661	4.590
-84.83	-2.25	4.13	0.719	-0.091	0.209	0.139	-0.01160	-0.080	0.718	2.646	4.361
-84.83	-2.25	4.50	0.785	-0.085	0.214	0.137	-0.01191	-0.236	0.802	2.761	4.776
-84.83	-2.25	4.88	0.809	-0.074	0.203	0.133	-0.01119	-0.290	0.769	2.814	4.644
-84.83	-2.25	5.25	0.842	-0.062	0.201	0.135	-0.01100	-0.306	0.862	2.877	4.671
-84.83	-2.25	6.00	0.856	-0.026	0.191	0.131	-0.00917	-0.272	0.756	2.986	4.383
-84.83	-2.25	7.50	0.958	-0.009	0.167	0.112	-0.00624	-0.302	0.689	3.134	4.563
-84.83	-2.25	9.00	1.030	0.003	0.154	0.106	-0.00448	-0.186	0.562	3.152	4.368
-84.83	-2.25	10.50	1.048	0.008	0.146	0.097	-0.00429	-0.130	0.275	2.902	3.593
-84.83	-2.25	12.00	1.080	0.005	0.141	0.095	-0.00420	-0.124	0.160	2.994	3.629
-84.83	-2.25	13.50	1.083	0.011	0.144	0.099	-0.00462	-0.063	0.121	2.746	3.448
-77.93	-8.78	0.68	0.521	-0.083	0.162	0.134	-0.00115	0.402	-0.109	3.635	3.509
-77.93	-8.78	0.90	0.521	-0.087	0.171	0.143	-0.00190	0.384	-0.050	3.693	3.212
-77.93	-8.78	1.13	0.523	-0.084	0.176	0.150	-0.00323	0.418	0.037	3.539	3.048
-77.93	-8.78	1.35	0.517	-0.081	0.184	0.155	-0.00402	0.479	0.062	3.662	3.094
-77.93	-8.78	1.58	0.519	-0.072	0.193	0.157	-0.00548	0.518	0.100	3.558	3.029
-77.93	-8.78	1.80	0.526	-0.069	0.203	0.164	-0.00736	0.492	0.141	3.362	2.941
-77.93	-8.78	1.95	0.529	-0.061	0.200	0.166	-0.00750	0.470	0.162	3.215	2.955
-77.93	-8.78	2.10	0.540	-0.065	0.206	0.166	-0.00797	0.455	0.220	3.202	2.999
-77.93	-8.78	2.25	0.546	-0.056	0.210	0.166	-0.00869	0.467	0.236	3.096	3.036
-77.93	-8.78	2.40	0.554	-0.053	0.216	0.167	-0.01013	0.454	0.270	3.136	3.039
-77.93	-8.78	2.55	0.568	-0.045	0.217	0.168	-0.00973	0.381	0.285	2.908	3.042
-77.93	-8.78	2.70	0.590	-0.048	0.228	0.167	-0.01162	0.413	0.336	2.889	3.157
-77.93	-8.78	2.85	0.594	-0.030	0.229	0.172	-0.01131	0.379	0.322	2.863	3.097
-77.93	-8.78	3.00	0.616	-0.034	0.236	0.164	-0.01236	0.287	0.350	2.636	3.258
-77.93	-8.78	3.15	0.616	-0.028	0.231	0.169	-0.01176	0.327	0.390	2.725	3.296
-77.93	-8.78	3.38	0.643	-0.030	0.233	0.162	-0.01194	0.257	0.398	2.652	3.316
-77.93	-8.78	3.60	0.657	-0.016	0.228	0.160	-0.01132	0.196	0.412	2.647	3.274
-77.93	-8.78	3.83	0.688	-0.015	0.231	0.159	-0.01172	0.131	0.391	2.600	3.378
-77.93	-8.78	4.13	0.722	-0.016	0.228	0.155	-0.01070	0.054	0.444	2.611	3.435
-77.93	-8.78	4.50	0.746	-0.003	0.225	0.152	-0.01032	0.036	0.506	2.629	3.654
-77.93	-8.78	4.88	0.799	-0.006	0.220	0.141	-0.00917	-0.103	0.517	2.655	3.878
-77.93	-8.78	5.25	0.820	0.000	0.213	0.138	-0.00861	-0.107	0.472	2.724	3.887
-77.93	-8.78	6.00	0.878	0.004	0.197	0.127	-0.00696	-0.223	0.489	2.914	4.211
-77.93	-8.78	7.50	0.970	0.008	0.167	0.109	-0.00499	-0.272	0.414	3.101	4.063
-77.93	-8.78	9.00	1.015	0.010	0.151	0.098	-0.00429	-0.218	0.290	3.041	3.810
-77.93	-8.78	10.50	1.041	0.010	0.146	0.096	-0.00412	-0.065	0.229	2.873	3.852
-77.93	-8.78	12.00	1.064	0.009	0.143	0.096	-0.00442	-0.212	0.055	2.881	3.430
-77.93	-8.78	13.50	1.092	0.005	0.142	0.096	-0.00441	-0.146	0.029	2.836	3.278
-102.53	-7.13	0.68	0.539	-0.022	0.160	0.103	-0.00166	0.172	0.101	3.122	4.143
-102.53	-7.13	0.90	0.568	-0.026	0.166	0.110	-0.00294	0.071	0.013	3.041	4.007
-102.53	-7.13	1.13	0.582	-0.023	0.174	0.118	-0.00471	0.050	0.069	2.950	3.874
-102.53	-7.13	1.35	0.593	-0.020	0.178	0.123	-0.00584	0.054	0.154	2.908	3.669
-102.53	-7.13	1.58	0.626	-0.026	0.190	0.128	-0.00801	-0.011	0.274	2.861	3.704
-102.53	-7.13	1.80	0.634	-0.016	0.197	0.138	-0.01118	0.019	0.419	2.808	3.691
-102.53	-7.13	1.95	0.657	-0.018	0.196	0.137	-0.01095	-0.100	0.475	2.810	3.686
-102.53	-7.13	2.10	0.644	-0.011	0.197	0.139	-0.01192	-0.080	0.490	2.760	3.663
-102.53	-7.13	2.25	0.666	-0.012	0.195	0.138	-0.01203	-0.104	0.600	2.806	3.877
-102.53	-7.13	2.40	0.675	-0.003	0.205	0.147	-0.01453	-0.044	0.541	2.835	3.608
-102.53	-7.13	2.55	0.690	-0.005	0.203	0.141	-0.01351	-0.134	0.644	2.779	3.797
-102.53	-7.13	2.70	0.719	-0.012	0.203	0.139	-0.01371	-0.175	0.679	2.924	4.019
-102.53	-7.13	2.85	0.722	-0.002	0.201	0.143	-0.01404	-0.246	0.701	2.920	3.967
-102.53	-7.13	3.00	0.721	0.007	0.201	0.143	-0.01337	-0.201	0.736	2.796	4.024
-102.53	-7.13	3.15	0.753	-0.003	0.200	0.138	-0.01398	-0.227	0.797	2.935	4.201
-102.53	-7.13	3.38	0.784	-0.003	0.194	0.132	-0.01250	-0.241	0.849	3.013	4.426
-102.53	-7.13	3.60	0.795	0.002	0.192	0.131	-0.01191	-0.225	0.871	3.014	4.756
-102.53	-7.13	3.83	0.824	0.003	0.188	0.127	-0.01106	-0.312	0.902	3.220	4.776
-102.53	-7.13	4.13	0.849	0.009	0.181	0.121	-0.00979	-0.245	0.827	3.075	4.671
-102.53	-7.13	4.50	0.856	0.017	0.175	0.118	-0.00883	-0.123	0.745	3.068	4.596
-102.53	-7.13	4.88	0.892	0.015	0.169	0.110	-0.00728	-0.139	0.639	3.104	4.543
-102.53	-7.13	5.25	0.923	0.019	0.163	0.106	-0.00659	-0.087	0.565	2.987	4.699
-102.53	-7.13	6.00	0.949	0.024	0.156	0.099	-0.00568	-0.026	0.443	2.854	4.344
-102.53	-7.13	7.50	0.991	0.024	0.148	0.093	-0.00473	-0.127	0.195	2.783	3.584
-102.53	-7.13	9.00	1.034	0.022	0.146	0.092	-0.00429	-0.081	0.092	2.886	3.548
-102.53	-7.13	10.50	1.058	0.022	0.148	0.095	-0.00450	-0.072	0.077	2.826	3.468
-102.53	-7.13	12.00	1.073	0.021	0.146	0.096	-0.00452	-0.068	0.109	2.781	3.469
-102.53	-7.13	13.50	1.098	0.019	0.140	0.097	-0.00454	-0.138	0.056	2.919	3.259
-79.43	3.15	0.45	0.562	-0.030	0.219	0.156	0.00245	-0.274	-0.514	3.665	4.194
-79.43	3.15	0.68	0.582	-0.030	0.227	0.162	0.00263	-0.342	-0.516	3.545	4.118
-79.43	3.15	0.90	0.592	-0.027	0.225	0.163	0.00246	-0.381	-0.499	3.604	4.184
-79.43	3.15	1.13	0.612	-0.016	0.226	0.162	0.00154	-0.414	-0.469	3.685	4.115
-79.43	3.15	1.35	0.634	-0.008	0.224	0.160	0.00018	-0.440	-0.393	3.738	4.085
-79.43	3.15	1.58	0.647	-0.001	0.223	0.160	-0.00104	-0.401	-0.292	3.683	3.997
-79.43	3.15	1.80	0.661	0.010	0.223	0.160	-0.00257	-0.389	-0.233	3.531	3.920
-79.43	3.15	1.95	0.675	0.014	0.218	0.158	-0.00326	-0.360	-0.160	3.570	3.804
-79.43	3.15	2.10	0.684	0.019	0.215	0.159	-0.00348	-0.286	-0.109	3.547	3.846
-79.43	3.15	2.25	0.697	0.026	0.208	0.153	-0.00389	-0.268	-0.046	3.528	3.743
-79.43	3.15	2.40	0.697	0.030	0.206	0.151	-0.00418	-0.191	0.028	3.426	3.681
-79.43	3.15	2.55	0.703	0.035	0.204	0.154	-0.00433	-0.216	0.069	3.347	3.679
-79.43	3.15	2.70	0.719	0.035	0.201	0.150	-0.00459	-0.159	0.103	3.310	3.603
-79.43	3.15	2.85	0.724	0.042	0.198	0.150	-0.00460	-0.129	0.141	3.207	3.529
-79.43	3.15	3.00	0.744	0.040	0.200	0.149	-0.00472	-0.098	0.142	3.099	3.542
-79.43	3.15	3.15	0.736	0.043	0.193	0.147	-0.00485	-0.005	0.154	3.152	3.454
-79.43	3.15	3.38	0.758	0.045	0.194	0.148	-0.00590	-0.008	0.222	3.027	3.562
-79.43	3.15	3.60	0.777	0.044	0.196	0.149	-0.00647	-0.002	0.271	2.938	3.453
-79.43	3.15	3.83	0.805	0.045	0.201	0.148	-0.00731	0.010	0.341	2.878	3.566
-79.43	3.15	4.13	0.809	0.046	0.196	0.146	-0.00757	-0.048	0.381	2.802	3.553
-79.43	3.15	4.50	0.829	0.040	0.192	0.141	-0.00808	-0.063	0.455	2.815	3.697
-79.43	3.15	4.88	0.848	0.041	0.192	0.137	-0.00874	-0.099	0.560	2.855	3.885
-79.43	3.15	5.25	0.886	0.034	0.185	0.131	-0.00745	-0.209	0.642	2.913	4.192
-79.43	3.15	6.00	0.910	0.031	0.179	0.123	-0.00710	-0.195	0.728	3.051	4.421
-79.43	3.15	7.50	0.997	0.017	0.163	0.101	-0.00484	-0.205	0.642	3.099	4.955
-79.43	3.15	9.00	1.034	0.014	0.151	0.095	-0.00424	-0.182	0.336	2.974	4.358
-79.43	3.15	10.50	1.053	0.006	0.139	0.093	-0.00440	-0.171	0.219	3.066	3.961
-79.43	3.15	12.00	1.051	0.012	0.143	0.097	-0.00430	-0.084	0.113	2.718	3.626
-79.43	3.15	13.50	1.102	0.005	0.138	0.096	-0.00445	-0.107	0.122	2.830	3.386
-73.95	8.63	1.13	0.600	-0.190	0.184	0.142	-0.00680	0.008	0.352	3.081	4.134
-73.95	8.63	1.35	0.614	-0.193	0.184	0.136	-0.00754	-0.015	0.343	3.093	4.240
-73.95	8.63	1.58	0.622	-0.195	0.195	0.137	-0.00857	0.049	0.405	3.035	4.306
-73.95	8.63	1.80	0.616	-0.187	0.197	0.140	-0.00926	0.042	0.463	2.881	4.323
-73.95	8.63	1.95	0.640	-0.188	0.194	0.131	-0.00871	-0.006	0.480	2.979	4.349
-73.95	8.63	2.10	0.654	-0.191	0.201	0.132	-0.00906	0.078	0.467	3.010	4.374
-73.95	8.63	2.25	0.656	-0.183	0.195	0.134	-0.00880	-0.007	0.464	3.041	4.638
-73.95	8.63	2.40	0.656	-0.170	0.192	0.132	-0.00883	-0.031	0.479	2.893	4.183
-73.95	8.63	2.55	0.682	-0.169	0.202	0.133	-0.00972	-0.036	0.604	2.805	4.544
-73.95	8.63	2.70	0.690	-0.158	0.200	0.130	-0.00936	-0.035	0.524	2.810	4.211
-73.95	8.63	2.85	0.689	-0.150	0.195	0.130	-0.00874	0.010	0.517	2.876	4.350
-73.95	8.63	3.00	0.694	-0.141	0.203	0.138	-0.01018	-0.006	0.533	2.763	4.098
-73.95	8.63	3.15	0.715	-0.128	0.196	0.138	-0.00938	-0.100	0.572	2.890	4.323
-73.95	8.63	3.38	0.725	-0.121	0.202	0.134	-0.01017	-0.051	0.588	2.820	4.401
-73.95	8.63	3.60	0.754	-0.109	0.206	0.137	-0.01056	-0.027	0.610	2.783	4.288
-73.95	8.63	3.83	0.756	-0.098	0.198	0.137	-0.01027	-0.081	0.608	2.817	4.157
-73.95	8.63	4.13	0.796	-0.088	0.199	0.136	-0.01013	-0.082	0.562	2.788	4.087
-73.95	8.63	4.50	0.830	-0.071	0.196	0.134	-0.00913	-0.149	0.618	2.935	4.375
-73.95	8.63	4.88	0.847	-0.059	0.188	0.130	-0.00832	-0.196	0.641	2.938	4.105
-73.95	8.63	5.25	0.874	-0.051	0.191	0.128	-0.00924	-0.154	0.612	2.940	4.016
-73.95	8.63	6.00	0.932	-0.037	0.179	0.124	-0.00712	-0.376	0.645	3.050	4.232
-73.95	8.63	7.50	1.001	-0.012	0.160	0.111	-0.00558	-0.282	0.636	3.163	4.484
-73.95	8.63	9.00	1.033	-0.005	0.148	0.097	-0.00410	-0.113	0.428	3.091	4.412
-73.95	8.63	10.50	1.070	-0.002	0.142	0.093	-0.00387	-0.078	0.395	3.052	4.278
-73.95	8.63	12.00	1.078	0.002	0.141	0.093	-0.00414	-0.158	0.107	2.852	3.442
-73.95	8.63	13.50	1.110	-0.001	0.144	0.094	-0.00416	-0.133	0.217	2.691	3.637
-66.98	1.88	0.68	0.501	-0.079	0.162	0.138	-0.00044	0.278	-0.188	3.559	3.350
-66.98	1.88	0.90	0.495	-0.074	0.163	0.147	-0.00080	0.241	-0.161	3.537	3.282
-66.98	1.88	1.13	0.498	-0.069	0.168	0.156	-0.00135	0.260	-0.116	3.391	3.067
-66.98	1.88	1.35	0.491	-0.061	0.171	0.159	-0.00207	0.317	-0.057	3.498	2.975
-66.98	1.88	1.58	0.506	-0.056	0.183	0.166	-0.00390	0.361	0.001	3.366	2.918
-66.98	1.88	1.80	0.511	-0.052	0.189	0.169	-0.00548	0.363	0.061	3.214	2.942
-66.98	1.88	1.95	0.530	-0.047	0.199	0.175	-0.00673	0.343	0.094	3.119	2.905
-66.98	1.88	2.10	0.534	-0.048	0.199	0.170	-0.00736	0.354	0.151	3.124	2.875
-66.98	1.88	2.25	0.559	-0.042	0.207	0.175	-0.00945	0.314	0.167	3.004	2.874
-66.98	1.88	2.40	0.558	-0.039	0.210	0.174	-0.00966	0.347	0.246	3.000	2.912
-66.98	1.88	2.55	0.571	-0.037	0.209	0.172	-0.00996	0.301	0.222	2.964	2.941
-66.98	1.88	2.70	0.594	-0.030	0.215	0.172	-0.01085	0.293	0.287	2.889	2.963
-66.98	1.88	2.85	0.605	-0.028	0.216	0.172	-0.01141	0.251	0.285	2.827	3.032
-66.98	1.88	3.00	0.623	-0.025	0.216	0.169	-0.01129	0.241	0.364	2.817	3.091
-66.98	1.88	3.15	0.643	-0.026	0.220	0.167	-0.01159	0.191	0.392	2.765	3.218
-66.98	1.88	3.38	0.683	-0.021	0.222	0.169	-0.01283	0.109	0.425	2.632	3.265
-66.98	1.88	3.60	0.705	-0.017	0.224	0.164	-0.01230	0.074	0.424	2.676	3.340
-66.98	1.88	3.83	0.740	-0.020	0.221	0.160	-0.01118	0.041	0.508	2.704	3.599
-66.98	1.88	4.13	0.748	-0.018	0.212	0.154	-0.01010	0.040	0.524	2.719	3.616
-66.98	1.88	4.50	0.787	-0.014	0.206	0.149	-0.00974	-0.021	0.557	2.776	3.771
-66.98	1.88	4.88	0.846	-0.015	0.210	0.142	-0.00907	-0.123	0.577	2.757	4.027
-66.98	1.88	5.25	0.877	-0.015	0.200	0.136	-0.00812	-0.136	0.590	2.849	4.213
-66.98	1.88	6.00	0.912	-0.015	0.186	0.124	-0.00658	-0.161	0.546	2.953	4.073
-66.98	1.88	7.50	0.977	-0.006	0.175	0.110	-0.00565	-0.186	0.576	2.959	4.200
-66.98	1.88	9.00	1.048	-0.003	0.157	0.102	-0.00474	-0.198	0.475	3.123	4.485
-66.98	1.88	10.50	1.050	0.007	0.149	0.097	-0.00484	-0.194	0.298	3.001	4.123
-66.98	1.88	12.00	1.097	-0.003	0.140	0.094	-0.00387	-0.093	0.185	3.057	3.977
-66.98	1.88	13.50	1.092	0.003	0.139	0.096	-0.00438	-0.146	0.136	2.825	3.302
-25.88	-5.25	0.45	0.439	-0.027	0.216	0.144	0.00178	0.290	-0.168	2.842	3.563
-25.88	-5.25	0.68	0.453	-0.027	0.220	0.149	0.00044	0.247	-0.224	2.793	3.550
-25.88	-5.25	0.90	0.456	-0.022	0.221	0.155	-0.00076	0.253	-0.202	2.733	3.581
-25.88	-5.25	1.13	0.468	-0.017	0.223	0.157	-0.00264	0.280	-0.160	2.808	3.486
-25.88	-5.25	1.35	0.490	-0.007	0.223	0.155	-0.00389	0.238	-0.203	2.820	3.554
-25.88	-5.25	1.58	0.506	-0.001	0.221	0.157	-0.00518	0.203	-0.197	2.798	3.447
-25.88	-5.25	1.80	0.517	0.002	0.217	0.161	-0.00674	0.151	-0.154	2.845	3.463
-25.88	-5.25	1.95	0.550	0.005	0.223	0.162	-0.00711	0.135	-0.114	2.914	3.393
-25.88	-5.25	2.10	0.557	0.012	0.218	0.158	-0.00753	0.122	-0.076	2.872	3.388
-25.88	-5.25	2.25	0.585	0.015	0.218	0.160	-0.00782	0.088	-0.047	2.889	3.475
-25.88	-5.25	2.40	0.593	0.016	0.215	0.156	-0.00774	0.074	-0.052	2.875	3.457
-25.88	-5.25	2.55	0.623	0.023	0.214	0.156	-0.00775	0.014	0.042	2.869	3.393
-25.88	-5.25	2.70	0.637	0.022	0.209	0.153	-0.00745	-0.003	0.086	2.938	3.395
-25.88	-5.25	2.85	0.651	0.024	0.203	0.155	-0.00792	0.029	0.111	3.153	3.346
-25.88	-5.25	3.00	0.658	0.024	0.196	0.150	-0.00803	-0.046	0.136	3.041	3.323
-25.88	-5.25	3.15	0.679	0.028	0.199	0.148	-0.00701	0.035	0.172	3.069	3.395
-25.88	-5.25	3.38	0.693	0.026	0.194	0.145	-0.00680	0.067	0.243	3.169	3.469
-25.88	-5.25	3.60	0.708	0.025	0.186	0.143	-0.00641	0.038	0.262	3.122	3.485
-25.88	-5.25	3.83	0.726	0.029	0.186	0.140	-0.00668	0.024	0.247	3.037	3.501
-25.88	-5.25	4.13	0.748	0.024	0.185	0.139	-0.00686	0.124	0.246	3.063	3.484
-25.88	-5.25	4.50	0.777	0.023	0.189	0.135	-0.00725	0.126	0.270	2.955	3.432
-25.88	-5.25	4.88	0.781	0.026	0.186	0.135	-0.00721	0.116	0.271	2.843	3.450
-25.88	-5.25	5.25	0.809	0.021	0.185	0.133	-0.00748	0.073	0.329	2.804	3.578
-25.88	-5.25	6.00	0.858	0.016	0.188	0.127	-0.00802	0.071	0.332	2.855	3.494
-25.88	-5.25	7.50	0.933	0.011	0.180	0.119	-0.00725	-0.137	0.471	2.847	3.932
-25.88	-5.25	9.00	0.994	0.008	0.168	0.114	-0.00617	-0.274	0.447	3.032	3.773
-25.88	-5.25	10.50	1.034	0.005	0.157	0.104	-0.00549	-0.267	0.437	2.974	3.785
-25.88	-5.25	12.00	1.061	0.006	0.150	0.103	-0.00472	-0.114	0.354	2.988	3.849
-25.88	-5.25	13.50	1.123	0.000	0.150	0.099	-0.00463	-0.241	0.311	2.905	3.768
-20.78	0.98	2.25	0.688	-0.130	0.186	0.130	-0.00971	0.143	0.352	3.008	3.822
-20.78	0.98	2.40	0.698	-0.125	0.185	0.129	-0.00985	0.066	0.302	2.832	4.016
-20.78	0.98	2.55	0.711	-0.127	0.186	0.130	-0.00966	0.015	0.330	2.918	3.961
-20.78	0.98	2.70	0.718	-0.118	0.193	0.131	-0.01096	0.054	0.372	2.924	3.753
-20.78	0.98	2.85	0.726	-0.114	0.188	0.130	-0.01029	-0.023	0.452	2.928	4.071
-20.78	0.98	3.00	0.731	-0.113	0.186	0.125	-0.00944	-0.016	0.319	2.852	3.821
-20.78	0.98	3.15	0.748	-0.110	0.189	0.125	-0.00962	0.009	0.334	2.956	3.666
-20.78	0.98	3.38	0.766	-0.104	0.187	0.126	-0.00905	-0.037	0.338	2.911	3.708
-20.78	0.98	3.60	0.766	-0.095	0.186	0.125	-0.00947	0.025	0.487	3.008	4.141
-20.78	0.98	3.83	0.790	-0.090	0.185	0.124	-0.00910	-0.083	0.418	3.002	4.084
-20.78	0.98	4.13	0.787	-0.074	0.183	0.123	-0.00872	-0.035	0.404	2.910	3.935
-20.78	0.98	4.50	0.814	-0.071	0.182	0.123	-0.00873	-0.052	0.325	2.942	3.747
-20.78	0.98	4.88	0.831	-0.062	0.179	0.123	-0.00836	-0.098	0.402	2.873	3.913
-20.78	0.98	5.25	0.848	-0.053	0.183	0.122	-0.00868	-0.070	0.446	2.747	4.069
-20.78	0.98	6.00	0.880	-0.037	0.175	0.118	-0.00704	-0.051	0.384	2.891	3.919
-20.78	0.98	7.50	0.940	-0.022	0.171	0.117	-0.00719	-0.194	0.467	2.841	3.770
-20.78	0.98	9.00	0.993	-0.010	0.166	0.110	-0.00620	-0.182	0.490	2.853	3.975
-20.78	0.98	10.50	1.051	-0.006	0.157	0.101	-0.00527	-0.279	0.465	3.143	3.941
-20.78	0.98	12.00	1.076	-0.004	0.147	0.099	-0.00428	-0.224	0.368	3.031	4.085
-20.78	0.98	13.50	1.098	0.001	0.143	0.096	-0.00402	-0.171	0.248	2.934	3.904
-13.65	-5.10	0.45	0.550	-0.086	0.156	0.117	-0.00156	0.345	0.005	3.553	3.804
-13.65	-5.10	0.68	0.555	-0.091	0.153	0.127	-0.00200	0.347	0.003	3.409	3.533
-13.65	-5.10	0.90	0.554	-0.092	0.154	0.136	-0.00282	0.335	0.073	3.462	3.375
-13.65	-5.10	1.00	0.552	-0.089	0.153	0.141	-0.00284	0.265	0.128	3.358	3.465
-13.65	-5.10	1.13	0.563	-0.097	0.160	0.144	-0.00358	0.360	0.117	3.709	3.260
-13.65	-5.10	1.35	0.560	-0.091	0.160	0.150	-0.00419	0.296	0.160	3.391	3.072
-13.65	-5.10	1.58	0.567	-0.088	0.165	0.155	-0.00547	0.251	0.198	3.241	3.116
-13.65	-5.10	1.80	0.565	-0.083	0.167	0.155	-0.00540	0.309	0.224	3.407	3.102
-13.65	-5.10	1.95	0.576	-0.090	0.171	0.156	-0.00716	0.273	0.290	3.232	3.120
-13.65	-5.10	2.00	0.575	-0.080	0.170	0.158	-0.00704	0.268	0.289	3.212	3.102
-13.65	-5.10	2.10	0.583	-0.083	0.173	0.159	-0.00665	0.254	0.287	3.198	3.028
-13.65	-5.10	2.25	0.583	-0.082	0.174	0.158	-0.00769	0.245	0.364	3.150	3.194
-13.65	-5.10	2.40	0.591	-0.068	0.181	0.159	-0.00825	0.292	0.311	3.176	3.091
-13.65	-5.10	2.55	0.599	-0.067	0.180	0.158	-0.00809	0.270	0.392	3.138	3.266
-13.65	-5.10	2.70	0.616	-0.067	0.182	0.157	-0.00853	0.221	0.386	2.998	3.208
-13.65	-5.10	2.85	0.618	-0.060	0.183	0.158	-0.00857	0.248	0.381	3.016	3.229
-13.65	-5.10	3.00	0.640	-0.061	0.186	0.157	-0.00899	0.181	0.452	2.954	3.372
-13.65	-5.10	3.15	0.641	-0.050	0.187	0.155	-0.00939	0.197	0.382	2.913	3.207
-13.65	-5.10	3.38	0.658	-0.047	0.189	0.156	-0.00939	0.180	0.444	2.919	3.339
-13.65	-5.10	3.60	0.675	-0.045	0.189	0.152	-0.00938	0.191	0.449	2.897	3.477
-13.65	-5.10	3.83	0.686	-0.032	0.188	0.152	-0.00902	0.171	0.429	2.917	3.388
-13.65	-5.10	4.00	0.710	-0.035	0.189	0.150	-0.00932	0.122	0.451	2.941	3.439
-13.65	-5.10	4.13	0.713	-0.031	0.191	0.149	-0.00909	0.133	0.439	2.970	3.474
-13.65	-5.10	4.50	0.753	-0.032	0.192	0.143	-0.00931	0.070	0.490	2.924	3.566
-13.65	-5.10	4.88	0.786	-0.025	0.193	0.144	-0.00936	0.030	0.496	2.836	3.663
-13.65	-5.10	5.25	0.806	-0.020	0.192	0.139	-0.00866	0.014	0.492	2.831	3.769
-13.65	-5.10	6.00	0.845	-0.017	0.185	0.131	-0.00826	-0.026	0.512	2.787	3.810
-13.65	-5.10	7.50	0.924	-0.013	0.177	0.121	-0.00756	-0.098	0.377	2.800	3.726
-13.65	-5.10	8.00	0.956	-0.009	0.180	0.116	-0.00690	-0.098	0.426	2.841	3.705
-13.65	-5.10	9.00	0.990	-0.009	0.166	0.112	-0.00601	-0.184	0.442	2.821	3.970
-13.65	-5.10	10.00	1.012	-0.004	0.166	0.109	-0.00580	-0.166	0.386	2.929	3.811
-13.65	-5.10	10.50	1.043	-0.002	0.159	0.104	-0.00530	-0.198	0.405	3.004	3.853
-13.65	-5.10	12.00	1.061	0.002	0.152	0.101	-0.00467	-0.202	0.363	2.911	3.791
-13.65	-5.10	13.50	1.097	0.004	0.149	0.100	-0.00469	-0.225	0.279	3.107	3.682
-13.65	-5.10	16.00	1.119	0.001	0.135	0.098	-0.00386	-0.118	0.196	2.880	3.790
-13.65	-5.10	32.00	1.243	-0.026	0.122	0.097	-0.00457	-0.258	0.273	2.742	3.360
32.25	0.38	0.45	0.386	-0.048	0.238	0.162	0.00047	0.175	-0.185	3.031	3.384
32.25	0.38	0.68	0.418	-0.051	0.252	0.164	-0.00134	0.131	-0.138	2.883	3.330
32.25	0.38	0.90	0.429	-0.056	0.250	0.169	-0.00282	0.100	-0.102	2.931	3.357
32.25	0.38	1.13	0.442	-0.054	0.253	0.170	-0.00477	0.104	-0.063	2.826	3.301
32.25	0.38	1.35	0.471	-0.048	0.255	0.166	-0.00593	0.109	-0.004	2.885	3.477
32.25	0.38	1.58	0.489	-0.045	0.249	0.165	-0.00686	0.044	0.011	2.891	3.399
32.25	0.38	1.80	0.513	-0.036	0.245	0.162	-0.00786	0.047	0.043	2.883	3.321
32.25	0.38	1.95	0.551	-0.035	0.247	0.163	-0.00893	-0.004	0.133	2.856	3.360
32.25	0.38	2.10	0.547	-0.029	0.236	0.158	-0.00867	-0.019	0.104	2.902	3.398
32.25	0.38	2.25	0.581	-0.023	0.235	0.156	-0.00817	-0.022	0.184	2.881	3.452
32.25	0.38	2.40	0.599	-0.023	0.228	0.155	-0.00858	-0.059	0.193	2.953	3.412
32.25	0.38	2.55	0.615	-0.019	0.223	0.149	-0.00773	-0.025	0.242	3.024	3.443
32.25	0.38	2.70	0.636	-0.018	0.214	0.146	-0.00798	-0.048	0.265	3.042	3.573
32.25	0.38	2.85	0.655	-0.014	0.210	0.144	-0.00763	-0.032	0.315	3.077	3.693
32.25	0.38	3.00	0.673	-0.013	0.208	0.139	-0.00776	0.035	0.321	3.144	3.625
32.25	0.38	3.15	0.691	-0.012	0.201	0.137	-0.00716	-0.032	0.264	3.049	3.657
32.25	0.38	3.38	0.709	-0.010	0.198	0.134	-0.00712	0.044	0.227	3.135	3.728
32.25	0.38	3.60	0.723	-0.008	0.195	0.130	-0.00692	0.035	0.174	2.933	3.697
32.25	0.38	3.83	0.738	-0.009	0.193	0.127	-0.00663	0.084	0.152	3.027	3.649
32.25	0.38	4.13	0.764	-0.008	0.193	0.128	-0.00726	0.125	0.171	2.932	3.609
32.25	0.38	4.50	0.784	-0.009	0.188	0.125	-0.00703	0.112	0.197	2.956	3.496
32.25	0.38	4.88	0.803	-0.006	0.185	0.125	-0.00699	0.053	0.282	2.885	3.727
32.25	0.38	5.25	0.833	-0.006	0.186	0.125	-0.00773	-0.017	0.241	2.799	3.616
32.25	0.38	6.00	0.870	-0.007	0.179	0.119	-0.00691	-0.099	0.272	2.903	3.661
32.25	0.38	7.50	0.940	-0.010	0.173	0.114	-0.00662	-0.097	0.296	2.787	3.755
32.25	0.38	9.00	1.006	-0.010	0.166	0.110	-0.00606	-0.192	0.424	2.989	4.153
32.25	0.38	10.50	1.043	-0.010	0.162	0.105	-0.00583	-0.176	0.292	2.892	3.648
32.25	0.38	12.00	1.077	-0.007	0.153	0.101	-0.00538	-0.232	0.334	2.895	3.836
32.25	0.38	13.50	1.110	-0.010	0.152	0.100	-0.00498	-0.221	0.267	2.819	3.604
37.50	6.53	1.13	0.595	-0.126	0.181	0.129	-0.00829	0.356	-0.038	2.876	3.407
37.50	6.53	1.35	0.594	-0.123	0.179	0.133	-0.00903	0.324	0.001	2.938	3.412
37.50	6.53	1.58	0.619	-0.125	0.186	0.136	-0.01026	0.355	0.094	2.987	3.583
37.50	6.53	1.80	0.629	-0.123	0.185	0.136	-0.01042	0.313	0.129	2.930	3.331
37.50	6.53	1.95	0.636	-0.121	0.189	0.135	-0.01093	0.285	0.121	2.859	3.372
37.50	6.53	2.10	0.647	-0.118	0.187	0.133	-0.01077	0.241	0.161	2.845	3.359
37.50	6.53	2.25	0.668	-0.116	0.190	0.133	-0.01117	0.179	0.192	2.808	3.427
37.50	6.53	2.40	0.678	-0.114	0.191	0.132	-0.01071	0.158	0.236	2.843	3.405
37.50	6.53	2.55	0.677	-0.109	0.190	0.131	-0.01064	0.201	0.184	2.814	3.427
37.50	6.53	2.70	0.705	-0.109	0.194	0.130	-0.01068	0.141	0.210	2.803	3.492
37.50	6.53	2.85	0.697	-0.100	0.190	0.127	-0.01007	0.089	0.240	2.816	3.532
37.50	6.53	3.00	0.708	-0.098	0.190	0.128	-0.01017	0.132	0.264	2.818	3.553
37.50	6.53	3.15	0.719	-0.093	0.192	0.127	-0.00993	0.094	0.221	2.850	3.399
37.50	6.53	3.38	0.743	-0.090	0.192	0.127	-0.01000	0.083	0.281	2.799	3.576
37.50	6.53	3.60	0.760	-0.086	0.190	0.126	-0.00967	0.021	0.224	2.771	3.531
37.50	6.53	3.83	0.768	-0.080	0.189	0.124	-0.00934	-0.027	0.285	2.806	3.549
37.50	6.53	4.13	0.778	-0.070	0.184	0.124	-0.00857	-0.029	0.312	2.832	3.997
37.50	6.53	4.50	0.800	-0.064	0.186	0.122	-0.00832	-0.009	0.278	2.798	3.743
37.50	6.53	4.88	0.823	-0.058	0.182	0.121	-0.00826	-0.087	0.283	2.832	3.629
37.50	6.53	5.25	0.841	-0.052	0.181	0.120	-0.00823	-0.054	0.303	2.871	3.810
37.50	6.53	6.00	0.881	-0.043	0.174	0.117	-0.00755	-0.065	0.337	2.926	3.809
37.50	6.53	7.50	0.925	-0.023	0.170	0.112	-0.00678	-0.079	0.339	2.824	3.699
37.50	6.53	9.00	1.008	-0.023	0.164	0.109	-0.00626	-0.170	0.342	2.945	3.779
37.50	6.53	10.50	1.038	-0.015	0.164	0.106	-0.00642	-0.297	0.371	3.021	3.771
37.50	6.53	12.00	1.076	-0.012	0.155	0.101	-0.00539	-0.189	0.370	2.986	3.632
37.50	6.53	13.50	1.108	-0.012	0.149	0.097	-0.00497	-0.283	0.350	2.972	3.747
44.78	-0.30	1.13	0.507	-0.093	0.148	0.137	-0.00398	0.354	0.032	3.482	3.357
44.78	-0.30	1.35	0.516	-0.086	0.153	0.143	-0.00481	0.398	0.077	3.685	3.242
44.78	-0.30	1.58	0.528	-0.087	0.155	0.149	-0.00570	0.322	0.169	3.346	3.193
44.78	-0.30	1.80	0.540	-0.080	0.163	0.151	-0.00661	0.320	0.194	3.267	3.207
44.78	-0.30	1.95	0.546	-0.074	0.163	0.149	-0.00660	0.381	0.265	3.406	3.255
44.78	-0.30	2.10	0.561	-0.072	0.167	0.151	-0.00695	0.398	0.239	3.316	3.195
44.78	-0.30	2.25	0.568	-0.069	0.170	0.150	-0.00733	0.369	0.327	3.242	3.311
44.78	-0.30	2.40	0.589	-0.067	0.178	0.154	-0.00787	0.332	0.320	3.142	3.272
44.78	-0.30	2.55	0.597	-0.064	0.178	0.150	-0.00793	0.360	0.293	3.179	3.320
44.78	-0.30	2.70	0.612	-0.064	0.179	0.146	-0.00761	0.306	0.387	3.059	3.409
44.78	-0.30	2.85	0.622	-0.063	0.184	0.147	-0.00852	0.287	0.324	3.016	3.349
44.78	-0.30	3.00	0.629	-0.056	0.184	0.146	-0.00875	0.302	0.305	3.088	3.393
44.78	-0.30	3.15	0.641	-0.053	0.182	0.142	-0.00829	0.287	0.293	3.041	3.423
44.78	-0.30	3.38	0.667	-0.051	0.191	0.143	-0.00906	0.215	0.318	2.946	3.423
44.78	-0.30	3.60	0.690	-0.049	0.189	0.139	-0.00829	0.176	0.365	2.810	3.434
44.78	-0.30	3.83	0.711	-0.045	0.192	0.139	-0.00896	0.154	0.392	2.859	3.488
44.78	-0.30	4.13	0.736	-0.043	0.191	0.137	-0.00848	0.086	0.374	2.782	3.661
44.78	-0.30	4.50	0.759	-0.041	0.189	0.129	-0.00776	0.046	0.346	2.813	3.607
44.78	-0.30	4.88	0.793	-0.038	0.190	0.128	-0.00780	0.001	0.351	2.789	3.600
44.78	-0.30	5.25	0.820	-0.037	0.185	0.125	-0.00725	-0.031	0.350	2.834	3.722
44.78	-0.30	6.00	0.866	-0.030	0.185	0.122	-0.00747	-0.084	0.282	2.807	3.521
44.78	-0.30	7.50	0.933	-0.025	0.177	0.113	-0.00670	-0.152	0.329	2.824	3.734
44.78	-0.30	9.00	0.990	-0.020	0.168	0.108	-0.00618	-0.148	0.329	2.882	3.730
44.78	-0.30	10.50	1.038	-0.017	0.162	0.103	-0.00547	-0.182	0.306	2.905	3.645
44.78	-0.30	12.00	1.078	-0.014	0.158	0.102	-0.00544	-0.171	0.285	2.815	3.480
44.78	-0.30	13.50	1.094	-0.009	0.151	0.100	-0.00515	-0.211	0.281	2.874	3.583
80.93	-1.95	0.45	0.482	-0.050	0.204	0.153	0.00051	0.085	-0.273	3.215	3.715
80.93	-1.95	0.68	0.493	-0.055	0.210	0.161	0.00025	0.084	-0.215	3.281	3.645
80.93	-1.95	0.90	0.510	-0.049	0.211	0.163	-0.00091	0.023	-0.225	3.298	3.656
80.93	-1.95	1.13	0.517	-0.046	0.210	0.160	-0.00203	-0.098	-0.181	3.188	3.663
80.93	-1.95	1.35	0.543	-0.040	0.213	0.163	-0.00405	-0.076	-0.184	3.171	3.719
80.93	-1.95	1.58	0.562	-0.035	0.210	0.162	-0.00456	-0.081	-0.136	3.172	3.656
80.93	-1.95	1.80	0.580	-0.025	0.207	0.158	-0.00540	-0.132	-0.089	3.257	3.591
80.93	-1.95	1.95	0.593	-0.020	0.207	0.158	-0.00698	-0.098	-0.001	3.241	3.695
80.93	-1.95	2.10	0.617	-0.019	0.204	0.155	-0.00670	-0.141	-0.015	3.288	3.570
80.93	-1.95	2.25	0.624	-0.012	0.200	0.154	-0.00625	-0.087	0.021	3.355	3.690
80.93	-1.95	2.40	0.644	-0.010	0.196	0.151	-0.00686	-0.082	0.041	3.281	3.711
80.93	-1.95	2.55	0.659	-0.006	0.193	0.148	-0.00718	-0.113	0.134	3.267	3.619
80.93	-1.95	2.70	0.676	-0.006	0.193	0.147	-0.00733	-0.031	0.167	3.354	3.640
80.93	-1.95	2.85	0.691	0.000	0.188	0.144	-0.00696	-0.076	0.239	3.270	3.693
80.93	-1.95	3.00	0.692	0.003	0.184	0.139	-0.00712	-0.039	0.271	3.302	3.640
80.93	-1.95	3.15	0.712	0.004	0.184	0.140	-0.00702	0.028	0.263	3.268	3.623
80.93	-1.95	3.38	0.733	0.001	0.180	0.136	-0.00749	-0.010	0.278	3.181	3.600
80.93	-1.95	3.60	0.737	0.008	0.176	0.137	-0.00766	0.038	0.233	3.096	3.522
80.93	-1.95	3.83	0.754	0.004	0.175	0.130	-0.00743	0.047	0.251	3.152	3.546
80.93	-1.95	4.13	0.772	0.004	0.171	0.132	-0.00746	0.041	0.296	2.968	3.615
80.93	-1.95	4.50	0.791	0.010	0.181	0.132	-0.00775	0.110	0.329	2.887	3.690
80.93	-1.95	4.88	0.811	0.006	0.177	0.129	-0.00791	0.075	0.348	3.006	3.653
80.93	-1.95	5.25	0.832	0.005	0.179	0.126	-0.00799	0.053	0.352	2.847	3.675
80.93	-1.95	6.00	0.870	-0.002	0.178	0.119	-0.00701	0.024	0.381	3.003	3.828
80.93	-1.95	7.50	0.914	-0.001	0.167	0.112	-0.00638	-0.075	0.263	3.004	3.605
80.93	-1.95	9.00	1.006	-0.011	0.168	0.107	-0.00653	-0.142	0.360	2.906	3.660
80.93	-1.95	10.50	1.025	-0.011	0.153	0.103	-0.00547	-0.253	0.403	3.011	3.848
80.93	-1.95	12.00	1.078	-0.007	0.160	0.104	-0.00586	-0.241	0.294	2.898	3.422
80.93	-1.95	13.50	1.110	-0.007	0.150	0.099	-0.00494	-0.210	0.346	2.929	3.599
86.10	3.68	1.13	0.543	-0.143	0.163	0.144	-0.00943	0.353	-0.121	3.413	3.567
86.10	3.68	1.35	0.571	-0.147	0.168	0.144	-0.01050	0.300	-0.113	3.125	3.171
86.10	3.68	1.58	0.578	-0.139	0.167	0.144	-0.01035	0.239	0.023	2.904	3.281
86.10	3.68	1.80	0.620	-0.141	0.177	0.141	-0.01143	0.208	0.136	2.857	3.290
86.10	3.68	1.95	0.631	-0.134	0.182	0.142	-0.01271	0.248	0.110	3.064	3.445
86.10	3.68	2.10	0.650	-0.135	0.182	0.137	-0.01172	0.205	0.186	3.073	3.618
86.10	3.68	2.25	0.667	-0.129	0.183	0.135	-0.01162	0.177	0.254	2.781	3.378
86.10	3.68	2.40	0.695	-0.126	0.194	0.138	-0.01215	0.235	0.282	2.935	3.462
86.10	3.68	2.55	0.686	-0.112	0.188	0.131	-0.01115	0.130	0.311	2.781	3.767
86.10	3.68	2.70	0.716	-0.116	0.190	0.129	-0.01112	0.018	0.321	2.778	3.573
86.10	3.68	2.85	0.720	-0.108	0.190	0.126	-0.01026	0.079	0.302	2.797	3.820
86.10	3.68	3.00	0.756	-0.107	0.196	0.128	-0.01115	0.015	0.354	2.789	3.878
86.10	3.68	3.15	0.741	-0.094	0.187	0.125	-0.00994	0.038	0.272	3.012	3.842
86.10	3.68	3.38	0.768	-0.093	0.190	0.123	-0.00956	0.048	0.314	2.865	3.844
86.10	3.68	3.60	0.771	-0.080	0.188	0.120	-0.00942	0.058	0.287	2.902	3.904
86.10	3.68	3.83	0.790	-0.074	0.189	0.121	-0.00934	0.019	0.320	2.816	3.918
86.10	3.68	4.13	0.807	-0.066	0.181	0.116	-0.00794	-0.045	0.313	2.911	3.705
86.10	3.68	4.50	0.835	-0.062	0.181	0.118	-0.00780	-0.020	0.195	2.922	3.623
86.10	3.68	4.88	0.845	-0.050	0.184	0.118	-0.00846	0.017	0.207	2.735	3.567
86.10	3.68	5.25	0.848	-0.045	0.177	0.116	-0.00732	-0.027	0.177	2.896	3.680
86.10	3.68	6.00	0.895	-0.037	0.176	0.113	-0.00709	-0.026	0.269	2.819	3.765
86.10	3.68	7.50	0.958	-0.025	0.174	0.113	-0.00687	-0.154	0.264	2.922	3.859
86.10	3.68	9.00	1.000	-0.021	0.170	0.108	-0.00682	-0.127	0.338	2.853	3.722
86.10	3.68	10.50	1.033	-0.014	0.158	0.104	-0.00572	-0.227	0.351	2.960	3.510
86.10	3.68	12.00	1.088	-0.014	0.153	0.101	-0.00520	-0.169	0.224	2.894	3.481
86.10	3.68	13.50	1.099	-0.012	0.150	0.100	-0.00505	-0.210	0.321	2.919	3.648
93.38	-3.38	0.68	0.450	-0.064	0.137	0.117	-0.00221	0.324	-0.098	3.746	3.760
93.38	-3.38	0.90	0.466	-0.058	0.137	0.126	-0.00241	0.326	-0.072	3.739	3.516
93.38	-3.38	1.13	0.468	-0.053	0.137	0.131	-0.00293	0.315	-0.073	3.603	3.341
93.38	-3.38	1.35	0.481	-0.050	0.140	0.137	-0.00318	0.335	-0.014	3.603	3.291
93.38	-3.38	1.58	0.495	-0.041	0.148	0.143	-0.00396	0.413	0.043	3.755	3.172
93.38	-3.38	1.80	0.505	-0.039	0.152	0.144	-0.00502	0.507	0.071	3.766	3.178
93.38	-3.38	1.95	0.514	-0.033	0.156	0.146	-0.00558	0.518	0.050	3.736	3.127
93.38	-3.38	2.10	0.526	-0.030	0.161	0.145	-0.00578	0.542	0.084	3.770	3.197
93.38	-3.38	2.25	0.542	-0.027	0.166	0.148	-0.00654	0.482	0.084	3.454	3.086
93.38	-3.38	2.40	0.546	-0.027	0.164	0.146	-0.00658	0.455	0.112	3.405	3.164
93.38	-3.38	2.55	0.569	-0.027	0.169	0.147	-0.00713	0.416	0.139	3.288	3.098
93.38	-3.38	2.70	0.580	-0.024	0.175	0.145	-0.00791	0.414	0.113	3.167	3.124
93.38	-3.38	2.85	0.598	-0.026	0.181	0.147	-0.00825	0.398	0.183	3.090	3.261
93.38	-3.38	3.00	0.616	-0.027	0.185	0.146	-0.00887	0.371	0.170	3.078	3.216
93.38	-3.38	3.15	0.630	-0.028	0.185	0.143	-0.00934	0.307	0.170	2.984	3.092
93.38	-3.38	3.38	0.663	-0.031	0.191	0.143	-0.00964	0.317	0.198	2.944	3.204
93.38	-3.38	3.60	0.687	-0.030	0.187	0.141	-0.00932	0.193	0.264	2.793	3.246
93.38	-3.38	3.83	0.704	-0.025	0.189	0.138	-0.00909	0.136	0.231	2.748	3.205
93.38	-3.38	4.13	0.749	-0.030	0.191	0.135	-0.00909	0.109	0.270	2.729	3.437
93.38	-3.38	4.50	0.783	-0.029	0.190	0.131	-0.00827	0.043	0.317	2.797	3.431
93.38	-3.38	4.88	0.814	-0.028	0.194	0.128	-0.00846	0.019	0.253	2.770	3.498
93.38	-3.38	5.25	0.846	-0.031	0.187	0.125	-0.00779	-0.041	0.277	2.785	3.473
93.38	-3.38	6.00	0.870	-0.024	0.179	0.120	-0.00717	-0.074	0.259	2.815	3.617
93.38	-3.38	7.50	0.941	-0.024	0.166	0.111	-0.00648	-0.165	0.298	2.851	3.698
93.38	-3.38	9.00	0.995	-0.021	0.165	0.108	-0.00636	-0.118	0.309	2.822	3.629
93.38	-3.38	10.50	1.046	-0.019	0.164	0.105	-0.00596	-0.160	0.301	2.864	3.655
93.38	-3.38	12.00	1.057	-0.013	0.154	0.102	-0.00540	-0.197	0.315	2.958	3.552
93.38	-3.38	13.50	1.097	-0.014	0.145	0.098	-0.00506	-0.249	0.345	2.865	3.862
