-82.13	-6.00	1.35	0.583	-0.056	0.164	0.171	-0.00378	0.218	0.039	3.126	2.662
-82.13	-6.00	1.58	0.568	-0.042	0.166	0.178	-0.00348	0.264	0.051	3.185	2.595
-82.13	-6.00	1.80	0.559	-0.038	0.174	0.183	-0.00551	0.332	0.099	3.155	2.554
-82.13	-6.00	1.95	0.560	-0.027	0.181	0.189	-0.00655	0.409	0.114	3.087	2.499
-82.13	-6.00	2.10	0.567	-0.027	0.184	0.189	-0.00695	0.366	0.156	3.091	2.467
-82.13	-6.00	2.25	0.554	-0.014	0.182	0.188	-0.00726	0.452	0.154	3.218	2.445
-82.13	-6.00	2.40	0.565	-0.012	0.187	0.190	-0.00833	0.442	0.177	3.208	2.499
-82.13	-6.00	2.55	0.572	-0.007	0.189	0.188	-0.00965	0.406	0.162	2.961	2.480
-82.13	-6.00	2.70	0.582	0.001	0.191	0.186	-0.00986	0.366	0.206	2.895	2.501
-82.13	-6.00	2.85	0.598	0.014	0.192	0.188	-0.01013	0.340	0.216	2.905	2.564
-82.13	-6.00	3.00	0.620	0.010	0.196	0.181	-0.01126	0.311	0.246	2.900	2.547
-82.13	-6.00	3.15	0.625	0.017	0.191	0.179	-0.01161	0.283	0.225	2.812	2.583
-82.13	-6.00	3.38	0.658	0.030	0.196	0.177	-0.01128	0.193	0.272	2.729	2.698
-82.13	-6.00	3.60	0.696	0.025	0.194	0.172	-0.01190	0.092	0.299	2.650	2.799
-82.13	-6.00	3.83	0.733	0.020	0.198	0.167	-0.01263	0.086	0.385	2.602	2.922
-82.13	-6.00	4.13	0.779	0.028	0.199	0.158	-0.01059	0.034	0.492	2.714	3.324
-82.13	-6.00	4.50	0.826	0.023	0.192	0.148	-0.01010	-0.018	0.524	2.785	3.433
-82.13	-6.00	4.88	0.871	0.024	0.181	0.137	-0.00780	-0.170	0.616	2.957	3.787
-82.13	-6.00	5.25	0.907	0.020	0.171	0.126	-0.00727	-0.201	0.641	3.014	3.980
-82.13	-6.00	6.00	0.960	0.015	0.164	0.109	-0.00513	-0.156	0.546	2.999	4.106
-82.13	-6.00	7.50	1.000	0.006	0.151	0.094	-0.00414	-0.043	0.268	2.823	3.697
-82.13	-6.00	9.00	1.045	0.001	0.141	0.092	-0.00382	-0.108	0.103	2.732	3.497
-82.13	-6.00	10.50	1.073	0.001	0.137	0.090	-0.00362	-0.080	0.101	2.835	3.379
-82.13	-6.00	12.00	1.086	0.000	0.139	0.092	-0.00362	-0.025	0.083	2.928	3.456
-82.13	-6.00	13.50	1.115	-0.004	0.139	0.094	-0.00399	-0.093	0.098	2.809	3.331
-91.58	-0.30	0.90	0.751	-0.129	0.156	0.103	-0.00265	-0.064	-0.251	3.195	4.668
-91.58	-0.30	1.13	0.763	-0.148	0.160	0.106	-0.00274	-0.111	-0.222	3.178	4.691
-91.58	-0.30	1.35	0.778	-0.156	0.164	0.102	-0.00267	-0.218	-0.195	3.279	4.732
-91.58	-0.30	1.58	0.783	-0.158	0.168	0.101	-0.00263	-0.282	-0.169	3.311	4.838
-91.58	-0.30	1.80	0.792	-0.160	0.170	0.099	-0.00284	-0.291	-0.162	3.292	4.551
-91.58	-0.30	1.95	0.814	-0.158	0.164	0.098	-0.00307	-0.280	-0.091	3.240	4.629
-91.58	-0.30	2.10	0.803	-0.155	0.166	0.095	-0.00279	-0.311	-0.029	3.397	4.861
-91.58	-0.30	2.25	0.816	-0.154	0.167	0.094	-0.00337	-0.367	-0.013	3.465	4.592
-91.58	-0.30	2.40	0.829	-0.150	0.167	0.091	-0.00343	-0.342	0.038	3.462	4.543
-91.58	-0.30	2.55	0.835	-0.143	0.166	0.088	-0.00337	-0.292	0.060	3.396	4.500
-91.58	-0.30	2.70	0.847	-0.142	0.165	0.088	-0.00337	-0.351	0.058	3.387	4.644
-91.58	-0.30	2.85	0.848	-0.136	0.164	0.087	-0.00353	-0.358	0.143	3.511	4.838
-91.58	-0.30	3.00	0.876	-0.133	0.161	0.086	-0.00385	-0.467	0.179	3.718	4.457
-91.58	-0.30	3.15	0.862	-0.125	0.161	0.085	-0.00404	-0.311	0.273	3.528	4.974
-91.58	-0.30	3.38	0.884	-0.115	0.162	0.083	-0.00392	-0.333	0.320	3.535	5.015
-91.58	-0.30	3.60	0.896	-0.107	0.164	0.082	-0.00421	-0.312	0.361	3.401	5.316
-91.58	-0.30	3.83	0.905	-0.096	0.157	0.081	-0.00434	-0.241	0.305	3.309	4.703
-91.58	-0.30	4.13	0.912	-0.084	0.155	0.081	-0.00409	-0.208	0.441	3.269	5.286
-91.58	-0.30	4.50	0.921	-0.071	0.152	0.078	-0.00423	-0.042	0.194	3.023	4.162
-91.58	-0.30	4.88	0.956	-0.061	0.150	0.082	-0.00433	-0.161	0.289	3.097	4.272
-91.58	-0.30	5.25	0.959	-0.047	0.142	0.084	-0.00370	-0.197	0.406	3.197	4.485
-91.58	-0.30	6.00	0.978	-0.032	0.150	0.085	-0.00441	-0.142	0.295	2.912	4.218
-91.58	-0.30	7.50	1.019	-0.016	0.148	0.091	-0.00474	-0.074	0.130	2.895	3.487
-91.58	-0.30	9.00	1.035	-0.005	0.141	0.090	-0.00365	-0.020	0.140	2.837	3.578
-91.58	-0.30	10.50	1.071	-0.002	0.139	0.092	-0.00397	-0.090	0.150	2.921	3.624
-91.58	-0.30	12.00	1.080	-0.004	0.141	0.093	-0.00405	-0.135	0.084	2.832	3.341
-91.58	-0.30	13.50	1.098	-0.006	0.133	0.094	-0.00358	-0.117	0.129	2.804	3.501
-87.90	6.60	0.45	0.600	-0.030	0.174	0.131	-0.00047	0.099	-0.475	3.213	4.109
-87.90	6.60	0.68	0.606	-0.035	0.172	0.138	-0.00025	-0.048	-0.471	3.260	3.929
-87.90	6.60	0.90	0.622	-0.029	0.173	0.139	-0.00022	-0.064	-0.462	3.426	3.929
-87.90	6.60	1.13	0.632	-0.014	0.176	0.133	-0.00115	-0.023	-0.466	3.542	3.940
-87.90	6.60	1.35	0.655	0.002	0.175	0.131	-0.00207	-0.050	-0.507	3.382	4.303
-87.90	6.60	1.58	0.670	0.024	0.174	0.123	-0.00269	-0.016	-0.488	3.448	4.538
-87.90	6.60	1.80	0.682	0.041	0.173	0.117	-0.00281	-0.020	-0.449	3.323	4.729
-87.90	6.60	1.95	0.707	0.054	0.174	0.113	-0.00333	0.031	-0.398	3.409	4.942
-87.90	6.60	2.10	0.721	0.063	0.173	0.110	-0.00357	-0.034	-0.381	3.289	5.063
-87.90	6.60	2.25	0.733	0.073	0.169	0.108	-0.00379	0.001	-0.340	3.200	5.089
-87.90	6.60	2.40	0.744	0.083	0.165	0.105	-0.00396	-0.002	-0.214	3.382	4.874
-87.90	6.60	2.55	0.773	0.087	0.165	0.104	-0.00405	-0.021	-0.166	3.283	4.773
-87.90	6.60	2.70	0.778	0.092	0.165	0.099	-0.00416	0.046	-0.025	3.265	4.872
-87.90	6.60	2.85	0.793	0.094	0.161	0.099	-0.00403	0.018	-0.049	3.177	4.620
-87.90	6.60	3.00	0.800	0.097	0.156	0.097	-0.00409	0.039	0.002	3.118	4.689
-87.90	6.60	3.15	0.809	0.101	0.160	0.094	-0.00389	0.056	0.027	3.070	4.091
-87.90	6.60	3.38	0.842	0.099	0.157	0.094	-0.00407	0.076	0.071	3.014	4.123
-87.90	6.60	3.60	0.844	0.101	0.154	0.092	-0.00386	0.073	0.105	2.925	3.705
-87.90	6.60	3.83	0.867	0.096	0.153	0.091	-0.00392	0.074	0.146	2.949	3.605
-87.90	6.60	4.13	0.887	0.093	0.154	0.092	-0.00379	0.054	0.114	2.842	3.462
-87.90	6.60	4.50	0.898	0.083	0.150	0.089	-0.00350	0.071	0.039	2.818	3.472
-87.90	6.60	4.88	0.919	0.075	0.148	0.090	-0.00361	0.007	0.083	2.916	3.503
-87.90	6.60	5.25	0.946	0.069	0.149	0.089	-0.00369	-0.036	0.048	2.809	3.502
-87.90	6.60	6.00	0.958	0.055	0.148	0.091	-0.00411	-0.017	0.117	2.830	3.477
-87.90	6.60	7.50	1.001	0.035	0.142	0.087	-0.00379	-0.057	0.181	2.891	3.637
-87.90	6.60	9.00	1.036	0.023	0.141	0.089	-0.00361	-0.066	0.185	2.906	3.591
-87.90	6.60	10.50	1.052	0.011	0.138	0.092	-0.00370	-0.045	0.047	2.811	3.721
-87.90	6.60	12.00	1.066	0.008	0.137	0.094	-0.00422	-0.120	0.107	2.760	3.473
-87.90	6.60	13.50	1.095	0.003	0.138	0.095	-0.00427	-0.110	0.099	2.802	3.300
-57.90	-2.63	1.58	0.672	-0.148	0.168	0.141	-0.00600	0.088	0.268	3.316	3.482
-57.90	-2.63	1.80	0.671	-0.143	0.173	0.143	-0.00626	0.064	0.426	3.145	3.642
-57.90	-2.63	1.95	0.687	-0.138	0.175	0.143	-0.00645	0.012	0.397	3.200	3.630
-57.90	-2.63	2.10	0.698	-0.138	0.177	0.140	-0.00739	0.065	0.417	3.113	3.669
-57.90	-2.63	2.25	0.693	-0.131	0.177	0.140	-0.00767	0.021	0.525	2.991	3.831
-57.90	-2.63	2.40	0.698	-0.122	0.177	0.138	-0.00838	0.058	0.504	2.974	3.839
-57.90	-2.63	2.55	0.703	-0.116	0.180	0.134	-0.00795	0.057	0.522	3.074	3.819
-57.90	-2.63	2.70	0.706	-0.108	0.177	0.134	-0.00821	0.027	0.587	2.991	3.825
-57.90	-2.63	2.85	0.734	-0.106	0.183	0.136	-0.00857	0.064	0.582	3.083	3.902
-57.90	-2.63	3.00	0.761	-0.100	0.182	0.135	-0.00874	-0.038	0.531	2.919	3.900
-57.90	-2.63	3.15	0.764	-0.094	0.183	0.134	-0.00884	-0.015	0.589	2.898	3.917
-57.90	-2.63	3.38	0.780	-0.085	0.183	0.130	-0.00927	-0.065	0.655	2.939	4.185
-57.90	-2.63	3.60	0.782	-0.072	0.182	0.130	-0.00899	0.014	0.717	3.038	4.428
-57.90	-2.63	3.83	0.795	-0.061	0.185	0.128	-0.00918	-0.031	0.677	2.799	4.342
-57.90	-2.63	4.13	0.845	-0.059	0.183	0.122	-0.00831	-0.071	0.722	2.946	4.559
-57.90	-2.63	4.50	0.858	-0.046	0.179	0.120	-0.00782	-0.102	0.719	2.964	4.462
-57.90	-2.63	4.88	0.896	-0.041	0.183	0.114	-0.00819	-0.218	0.747	2.891	4.441
-57.90	-2.63	5.25	0.933	-0.038	0.177	0.111	-0.00724	-0.305	0.687	3.009	4.607
-57.90	-2.63	6.00	0.949	-0.023	0.165	0.103	-0.00587	-0.222	0.649	3.025	4.436
-57.90	-2.63	7.50	0.993	-0.010	0.155	0.095	-0.00475	-0.155	0.531	3.076	4.481
-57.90	-2.63	9.00	1.034	-0.005	0.143	0.093	-0.00434	-0.072	0.389	2.885	4.223
-57.90	-2.63	10.50	1.057	-0.003	0.141	0.094	-0.00449	-0.180	0.172	2.942	3.805
-57.90	-2.63	12.00	1.106	-0.010	0.133	0.092	-0.00369	-0.235	0.124	2.927	3.628
-57.90	-2.63	13.50	1.106	-0.008	0.135	0.095	-0.00443	-0.188	0.148	2.889	3.386
-66.45	2.10	1.35	0.705	-0.093	0.168	0.131	-0.00897	0.221	0.070	2.955	2.959
-66.45	2.10	1.58	0.748	-0.109	0.179	0.140	-0.01168	0.197	0.182	2.939	3.045
-66.45	2.10	1.80	0.762	-0.101	0.186	0.140	-0.01335	0.124	0.293	2.776	2.966
-66.45	2.10	1.95	0.755	-0.081	0.176	0.137	-0.01171	0.091	0.375	2.784	2.966
-66.45	2.10	2.10	0.772	-0.093	0.181	0.135	-0.01279	0.051	0.402	2.656	3.036
-66.45	2.10	2.25	0.785	-0.082	0.182	0.136	-0.01176	0.060	0.474	2.785	3.243
-66.45	2.10	2.40	0.797	-0.073	0.185	0.136	-0.01232	0.044	0.489	2.749	3.251
-66.45	2.10	2.55	0.791	-0.069	0.185	0.130	-0.01212	0.036	0.495	2.736	3.158
-66.45	2.10	2.70	0.823	-0.078	0.187	0.128	-0.01210	-0.028	0.566	2.734	3.574
-66.45	2.10	2.85	0.839	-0.063	0.187	0.129	-0.01147	-0.019	0.596	2.720	3.506
-66.45	2.10	3.00	0.856	-0.071	0.180	0.123	-0.00997	-0.112	0.629	2.933	3.747
-66.45	2.10	3.15	0.851	-0.056	0.181	0.123	-0.01014	0.010	0.560	2.859	3.556
-66.45	2.10	3.38	0.868	-0.051	0.182	0.119	-0.00986	-0.108	0.642	2.872	3.884
-66.45	2.10	3.60	0.892	-0.058	0.177	0.116	-0.00861	-0.147	0.567	2.995	4.110
-66.45	2.10	3.83	0.923	-0.048	0.174	0.109	-0.00792	-0.226	0.641	2.947	4.219
-66.45	2.10	4.13	0.895	-0.038	0.156	0.101	-0.00547	-0.083	0.550	3.112	4.498
-66.45	2.10	4.50	0.955	-0.033	0.165	0.100	-0.00604	-0.194	0.503	3.114	4.325
-66.45	2.10	4.88	0.933	-0.027	0.153	0.096	-0.00497	-0.138	0.431	3.198	4.510
-66.45	2.10	5.25	0.960	-0.023	0.151	0.091	-0.00456	-0.127	0.265	3.043	4.169
-66.45	2.10	6.00	0.973	-0.012	0.151	0.088	-0.00426	-0.122	0.347	3.051	4.343
-66.45	2.10	7.50	1.018	-0.005	0.141	0.089	-0.00400	-0.123	0.307	2.945	4.346
-66.45	2.10	9.00	1.056	-0.004	0.141	0.091	-0.00371	-0.098	0.222	2.988	4.140
-66.45	2.10	10.50	1.075	-0.001	0.140	0.092	-0.00399	-0.131	0.164	2.788	3.725
-66.45	2.10	12.00	1.110	-0.004	0.138	0.094	-0.00405	-0.101	0.035	2.829	3.470
-66.45	2.10	13.50	1.088	-0.004	0.135	0.096	-0.00407	-0.027	0.013	2.880	3.390
-63.08	8.40	0.45	0.309	-0.018	0.228	0.185	0.00722	0.132	-0.180	2.911	3.190
-63.08	8.40	0.68	0.300	-0.027	0.230	0.192	0.00730	0.174	-0.173	2.839	3.116
-63.08	8.40	0.90	0.306	-0.024	0.226	0.195	0.00516	0.184	-0.207	2.933	3.192
-63.08	8.40	1.13	0.322	-0.025	0.225	0.202	0.00217	0.252	-0.222	2.976	3.187
-63.08	8.40	1.35	0.337	-0.010	0.223	0.205	-0.00120	0.179	-0.170	2.883	3.072
-63.08	8.40	1.58	0.381	-0.002	0.232	0.208	-0.00377	0.226	-0.192	3.015	3.022
-63.08	8.40	1.80	0.406	0.002	0.223	0.204	-0.00653	0.108	-0.122	2.917	2.990
-63.08	8.40	1.95	0.438	0.004	0.226	0.207	-0.00801	0.063	-0.078	2.819	3.001
-63.08	8.40	2.10	0.473	0.010	0.227	0.200	-0.00989	0.010	-0.016	2.809	3.004
-63.08	8.40	2.25	0.504	0.008	0.225	0.195	-0.01107	-0.024	0.080	2.901	3.038
-63.08	8.40	2.40	0.542	0.015	0.225	0.194	-0.01144	-0.084	0.207	2.898	3.149
-63.08	8.40	2.55	0.587	0.014	0.224	0.186	-0.01093	-0.077	0.263	2.998	3.188
-63.08	8.40	2.70	0.626	0.012	0.218	0.176	-0.01063	-0.163	0.363	3.060	3.432
-63.08	8.40	2.85	0.652	0.014	0.214	0.171	-0.01042	-0.144	0.487	3.086	3.546
-63.08	8.40	3.00	0.689	0.014	0.208	0.162	-0.00941	-0.182	0.578	3.151	3.932
-63.08	8.40	3.15	0.717	0.010	0.208	0.152	-0.00863	-0.108	0.582	3.040	4.018
-63.08	8.40	3.38	0.739	0.015	0.205	0.147	-0.00806	-0.065	0.601	2.983	4.032
-63.08	8.40	3.60	0.757	0.016	0.199	0.140	-0.00778	-0.079	0.585	2.869	4.070
-63.08	8.40	3.83	0.771	0.018	0.194	0.138	-0.00740	-0.063	0.545	2.843	3.958
-63.08	8.40	4.13	0.784	0.018	0.190	0.134	-0.00778	-0.110	0.609	2.784	3.988
-63.08	8.40	4.50	0.807	0.019	0.184	0.133	-0.00823	-0.104	0.625	2.766	3.989
-63.08	8.40	4.88	0.840	0.021	0.183	0.131	-0.00863	-0.129	0.715	2.759	3.973
-63.08	8.40	5.25	0.888	0.015	0.177	0.128	-0.00848	-0.187	0.788	2.895	4.284
-63.08	8.40	6.00	0.942	0.016	0.176	0.120	-0.00768	-0.270	0.856	2.921	4.842
-63.08	8.40	7.50	1.000	0.014	0.158	0.104	-0.00510	-0.210	0.722	3.057	4.937
-63.08	8.40	9.00	1.040	0.005	0.142	0.094	-0.00425	-0.181	0.362	2.864	4.101
-63.08	8.40	10.50	1.077	-0.004	0.141	0.090	-0.00376	-0.073	0.099	2.846	3.603
-63.08	8.40	12.00	1.086	-0.004	0.132	0.091	-0.00366	-0.042	0.114	2.810	3.299
-63.08	8.40	13.50	1.106	-0.006	0.139	0.092	-0.00427	-0.105	0.114	2.692	3.262
-37.65	-13.80	1.35	0.649	-0.058	0.139	0.126	-0.00524	0.297	0.095	3.326	3.278
-37.65	-13.80	1.58	0.648	-0.050	0.142	0.130	-0.00551	0.279	0.098	3.269	3.201
-37.65	-13.80	1.80	0.658	-0.046	0.148	0.133	-0.00654	0.343	0.179	3.303	3.124
-37.65	-13.80	1.95	0.656	-0.039	0.149	0.135	-0.00661	0.305	0.167	3.191	3.111
-37.65	-13.80	2.10	0.670	-0.039	0.154	0.135	-0.00715	0.313	0.179	3.165	3.082
-37.65	-13.80	2.25	0.663	-0.030	0.152	0.137	-0.00710	0.319	0.154	3.143	3.019
-37.65	-13.80	2.40	0.679	-0.036	0.157	0.133	-0.00763	0.363	0.218	3.162	3.046
-37.65	-13.80	2.55	0.687	-0.032	0.159	0.135	-0.00816	0.230	0.245	2.871	3.054
-37.65	-13.80	2.70	0.690	-0.019	0.159	0.139	-0.00771	0.316	0.220	3.110	3.036
-37.65	-13.80	2.85	0.732	-0.033	0.167	0.141	-0.00932	0.235	0.293	2.867	3.086
-37.65	-13.80	3.00	0.713	-0.018	0.170	0.138	-0.00913	0.284	0.279	2.949	3.046
-37.65	-13.80	3.15	0.742	-0.025	0.169	0.136	-0.00892	0.287	0.278	2.980	3.108
-37.65	-13.80	3.38	0.734	-0.018	0.167	0.131	-0.00856	0.223	0.353	2.865	3.150
-37.65	-13.80	3.60	0.779	-0.020	0.168	0.131	-0.00817	0.136	0.403	2.818	3.267
-37.65	-13.80	3.83	0.776	-0.007	0.172	0.132	-0.00858	0.192	0.393	2.877	3.318
-37.65	-13.80	4.13	0.802	-0.009	0.173	0.128	-0.00835	-0.015	0.421	2.704	3.288
-37.65	-13.80	4.50	0.841	-0.004	0.175	0.124	-0.00794	0.041	0.383	2.776	3.405
-37.65	-13.80	4.88	0.871	-0.005	0.170	0.121	-0.00700	-0.005	0.489	2.865	3.754
-37.65	-13.80	5.25	0.889	-0.002	0.167	0.116	-0.00633	-0.034	0.460	2.851	3.643
-37.65	-13.80	6.00	0.954	-0.007	0.161	0.108	-0.00565	-0.177	0.501	2.916	4.044
-37.65	-13.80	7.50	1.004	-0.003	0.153	0.097	-0.00448	-0.127	0.419	2.923	3.837
-37.65	-13.80	9.00	1.052	-0.003	0.152	0.094	-0.00428	-0.127	0.349	2.871	3.914
-37.65	-13.80	10.50	1.076	-0.001	0.142	0.091	-0.00400	-0.084	0.221	2.810	3.764
-37.65	-13.80	12.00	1.102	-0.006	0.138	0.096	-0.00404	-0.222	0.200	2.925	3.545
-37.65	-13.80	13.50	1.111	-0.008	0.140	0.095	-0.00395	-0.073	0.107	2.774	3.544
-45.98	-4.88	0.68	0.702	-0.070	0.148	0.099	-0.00318	0.269	-0.043	3.144	3.949
-45.98	-4.88	0.90	0.729	-0.074	0.151	0.110	-0.00361	0.200	0.000	3.115	3.817
-45.98	-4.88	1.13	0.724	-0.072	0.148	0.113	-0.00354	0.202	-0.006	3.170	3.672
-45.98	-4.88	1.35	0.725	-0.069	0.150	0.116	-0.00376	0.192	0.046	3.147	3.569
-45.98	-4.88	1.58	0.732	-0.066	0.154	0.121	-0.00390	0.188	0.103	3.253	3.565
-45.98	-4.88	1.80	0.732	-0.065	0.149	0.121	-0.00405	0.227	0.163	3.340	3.518
-45.98	-4.88	1.95	0.730	-0.059	0.152	0.122	-0.00449	0.176	0.173	3.121	3.445
-45.98	-4.88	2.10	0.729	-0.057	0.152	0.121	-0.00486	0.190	0.186	3.081	3.382
-45.98	-4.88	2.25	0.730	-0.055	0.153	0.122	-0.00485	0.206	0.219	3.131	3.396
-45.98	-4.88	2.40	0.730	-0.048	0.155	0.123	-0.00495	0.168	0.260	3.090	3.641
-45.98	-4.88	2.55	0.736	-0.047	0.161	0.121	-0.00563	0.228	0.269	3.135	3.403
-45.98	-4.88	2.70	0.759	-0.048	0.159	0.122	-0.00598	0.153	0.255	3.012	3.426
-45.98	-4.88	2.85	0.760	-0.043	0.164	0.124	-0.00645	0.154	0.287	2.932	3.514
-45.98	-4.88	3.00	0.772	-0.043	0.163	0.124	-0.00653	0.165	0.326	3.034	3.582
-45.98	-4.88	3.15	0.764	-0.036	0.162	0.121	-0.00632	0.129	0.336	2.853	3.482
-45.98	-4.88	3.38	0.772	-0.031	0.169	0.121	-0.00693	0.174	0.347	2.905	3.494
-45.98	-4.88	3.60	0.792	-0.031	0.169	0.121	-0.00687	0.126	0.360	2.862	3.548
-45.98	-4.88	3.83	0.810	-0.029	0.172	0.119	-0.00722	0.064	0.406	2.780	3.656
-45.98	-4.88	4.13	0.833	-0.024	0.173	0.118	-0.00722	0.022	0.438	2.754	3.625
-45.98	-4.88	4.50	0.859	-0.022	0.169	0.114	-0.00661	-0.020	0.416	2.844	3.732
-45.98	-4.88	4.88	0.884	-0.018	0.171	0.112	-0.00676	-0.066	0.543	2.771	4.053
-45.98	-4.88	5.25	0.896	-0.010	0.169	0.110	-0.00656	-0.112	0.501	2.853	3.891
-45.98	-4.88	6.00	0.937	-0.008	0.168	0.106	-0.00622	-0.084	0.461	2.854	3.929
-45.98	-4.88	7.50	1.003	-0.006	0.155	0.098	-0.00506	-0.157	0.457	3.071	3.984
-45.98	-4.88	9.00	1.059	-0.002	0.150	0.094	-0.00438	-0.211	0.311	2.973	3.920
-45.98	-4.88	10.50	1.062	-0.002	0.141	0.092	-0.00390	-0.108	0.217	2.863	3.713
-45.98	-4.88	12.00	1.080	-0.002	0.136	0.094	-0.00389	-0.109	0.061	2.818	3.662
-45.98	-4.88	13.50	1.121	-0.008	0.134	0.094	-0.00383	-0.061	0.165	2.827	3.448
-44.18	-1.50	0.45	0.450	-0.032	0.203	0.145	0.00225	0.483	-0.079	3.020	3.766
-44.18	-1.50	0.68	0.456	-0.034	0.207	0.150	0.00160	0.496	-0.102	3.057	3.662
-44.18	-1.50	0.90	0.463	-0.027	0.204	0.151	0.00054	0.437	-0.097	2.916	3.638
-44.18	-1.50	1.13	0.485	-0.022	0.212	0.154	-0.00071	0.433	-0.114	2.868	3.637
-44.18	-1.50	1.35	0.494	-0.015	0.207	0.153	-0.00195	0.387	-0.173	2.850	3.693
-44.18	-1.50	1.58	0.521	-0.005	0.212	0.157	-0.00307	0.364	-0.171	2.858	3.673
-44.18	-1.50	1.80	0.552	0.001	0.213	0.157	-0.00431	0.264	-0.114	2.773	3.482
-44.18	-1.50	1.95	0.589	0.005	0.218	0.161	-0.00514	0.201	-0.087	2.743	3.529
-44.18	-1.50	2.10	0.614	0.008	0.219	0.160	-0.00620	0.129	-0.015	2.751	3.445
-44.18	-1.50	2.25	0.620	0.012	0.213	0.158	-0.00645	0.130	-0.023	2.797	3.531
-44.18	-1.50	2.40	0.656	0.014	0.215	0.156	-0.00694	0.068	0.095	2.856	3.419
-44.18	-1.50	2.55	0.683	0.015	0.210	0.152	-0.00699	0.028	0.138	2.872	3.558
-44.18	-1.50	2.70	0.716	0.015	0.209	0.149	-0.00707	-0.030	0.209	2.919	3.628
-44.18	-1.50	2.85	0.723	0.016	0.202	0.144	-0.00680	-0.040	0.289	3.045	3.779
-44.18	-1.50	3.00	0.756	0.020	0.204	0.142	-0.00697	-0.081	0.321	3.031	3.847
-44.18	-1.50	3.15	0.767	0.020	0.195	0.135	-0.00642	-0.120	0.359	3.153	3.875
-44.18	-1.50	3.38	0.787	0.019	0.188	0.128	-0.00570	-0.088	0.444	3.136	4.172
-44.18	-1.50	3.60	0.806	0.016	0.183	0.124	-0.00587	-0.038	0.443	3.116	4.059
-44.18	-1.50	3.83	0.837	0.016	0.182	0.120	-0.00599	-0.047	0.453	3.100	4.017
-44.18	-1.50	4.13	0.852	0.013	0.174	0.114	-0.00530	-0.072	0.487	3.025	4.087
-44.18	-1.50	4.50	0.869	0.012	0.172	0.111	-0.00561	-0.072	0.441	2.871	3.985
-44.18	-1.50	4.88	0.892	0.013	0.174	0.108	-0.00573	-0.091	0.454	2.882	4.093
-44.18	-1.50	5.25	0.908	0.012	0.167	0.108	-0.00590	-0.116	0.511	2.953	4.187
-44.18	-1.50	6.00	0.949	0.009	0.163	0.102	-0.00545	-0.166	0.570	2.865	4.348
-44.18	-1.50	7.50	0.996	0.004	0.156	0.099	-0.00512	-0.165	0.516	3.094	4.656
-44.18	-1.50	9.00	1.033	0.003	0.141	0.095	-0.00412	-0.158	0.428	2.998	4.207
-44.18	-1.50	10.50	1.060	-0.001	0.139	0.091	-0.00381	-0.091	0.297	2.899	4.007
-44.18	-1.50	12.00	1.091	-0.002	0.140	0.092	-0.00404	-0.108	0.156	2.947	3.525
-44.18	-1.50	13.50	1.106	-0.005	0.134	0.094	-0.00397	-0.042	0.035	2.830	3.405
-11.93	-8.48	0.45	0.691	-0.079	0.145	0.094	-0.00288	0.376	-0.113	3.135	4.137
-11.93	-8.48	0.68	0.696	-0.082	0.138	0.099	-0.00334	0.378	-0.129	3.240	3.975
-11.93	-8.48	0.90	0.718	-0.089	0.143	0.105	-0.00405	0.365	-0.137	3.218	3.809
-11.93	-8.48	1.13	0.729	-0.091	0.145	0.109	-0.00445	0.371	-0.093	3.246	3.877
-11.93	-8.48	1.35	0.738	-0.092	0.146	0.110	-0.00472	0.359	-0.041	3.262	3.871
-11.93	-8.48	1.58	0.748	-0.090	0.148	0.111	-0.00495	0.326	0.026	3.209	3.963
-11.93	-8.48	1.80	0.769	-0.095	0.154	0.113	-0.00566	0.245	-0.017	3.068	3.654
-11.93	-8.48	1.95	0.768	-0.094	0.156	0.112	-0.00584	0.260	0.020	3.086	3.622
-11.93	-8.48	2.10	0.764	-0.087	0.152	0.111	-0.00581	0.294	0.027	3.020	3.644
-11.93	-8.48	2.25	0.775	-0.087	0.156	0.111	-0.00608	0.286	0.108	3.202	3.698
-11.93	-8.48	2.40	0.784	-0.087	0.159	0.112	-0.00633	0.217	0.103	2.988	3.649
-11.93	-8.48	2.55	0.792	-0.084	0.159	0.112	-0.00653	0.238	0.185	2.995	3.645
-11.93	-8.48	2.70	0.808	-0.082	0.161	0.111	-0.00680	0.147	0.210	2.842	3.761
-11.93	-8.48	2.85	0.817	-0.079	0.161	0.110	-0.00646	0.154	0.168	2.896	3.693
-11.93	-8.48	3.00	0.829	-0.074	0.161	0.112	-0.00678	0.088	0.298	2.927	4.021
-11.93	-8.48	3.15	0.827	-0.073	0.163	0.109	-0.00689	0.175	0.279	2.842	3.813
-11.93	-8.48	3.38	0.838	-0.065	0.162	0.107	-0.00659	0.175	0.259	2.847	3.679
-11.93	-8.48	3.60	0.859	-0.061	0.163	0.105	-0.00651	0.082	0.254	2.871	3.709
-11.93	-8.48	3.83	0.869	-0.057	0.159	0.102	-0.00613	0.043	0.291	2.782	3.638
-11.93	-8.48	4.13	0.887	-0.052	0.162	0.105	-0.00623	0.060	0.352	2.886	4.098
-11.93	-8.48	4.50	0.888	-0.043	0.157	0.102	-0.00577	0.018	0.396	2.875	3.958
-11.93	-8.48	4.88	0.913	-0.040	0.161	0.098	-0.00573	-0.011	0.379	2.818	3.894
-11.93	-8.48	5.25	0.919	-0.034	0.162	0.101	-0.00625	-0.023	0.399	2.923	3.969
-11.93	-8.48	6.00	0.969	-0.026	0.156	0.100	-0.00534	-0.081	0.449	2.799	4.207
-11.93	-8.48	7.50	1.016	-0.016	0.153	0.097	-0.00500	-0.056	0.359	2.938	3.812
-11.93	-8.48	9.00	1.042	-0.009	0.143	0.092	-0.00428	-0.128	0.281	2.986	3.636
-11.93	-8.48	10.50	1.070	-0.003	0.146	0.095	-0.00432	-0.125	0.308	2.798	3.920
-11.93	-8.48	12.00	1.101	-0.007	0.137	0.091	-0.00367	-0.112	0.142	2.973	3.480
-11.93	-8.48	13.50	1.115	-0.007	0.138	0.095	-0.00418	-0.048	0.115	2.838	3.456
-20.33	-4.43	0.45	0.622	-0.058	0.139	0.087	-0.00345	0.351	0.173	3.514	4.329
-20.33	-4.43	0.68	0.637	-0.057	0.137	0.094	-0.00360	0.250	0.139	3.327	4.434
-20.33	-4.43	0.90	0.651	-0.056	0.138	0.098	-0.00396	0.319	0.018	3.377	4.198
-20.33	-4.43	1.13	0.681	-0.057	0.145	0.105	-0.00480	0.339	-0.003	3.366	3.948
-20.33	-4.43	1.35	0.671	-0.051	0.142	0.105	-0.00490	0.364	0.009	3.435	3.780
-20.33	-4.43	1.58	0.678	-0.052	0.149	0.108	-0.00570	0.387	-0.027	3.273	3.695
-20.33	-4.43	1.80	0.693	-0.049	0.153	0.111	-0.00602	0.452	-0.021	3.382	3.401
-20.33	-4.43	1.95	0.699	-0.048	0.152	0.113	-0.00619	0.402	0.020	3.296	3.584
-20.33	-4.43	2.10	0.710	-0.045	0.154	0.115	-0.00633	0.368	0.047	3.136	3.485
-20.33	-4.43	2.25	0.714	-0.045	0.153	0.114	-0.00668	0.386	0.027	3.236	3.339
-20.33	-4.43	2.40	0.729	-0.046	0.159	0.112	-0.00692	0.412	0.094	3.220	3.460
-20.33	-4.43	2.55	0.736	-0.042	0.160	0.113	-0.00686	0.379	0.106	3.156	3.409
-20.33	-4.43	2.70	0.735	-0.037	0.161	0.112	-0.00700	0.352	0.101	3.126	3.345
-20.33	-4.43	2.85	0.747	-0.039	0.162	0.111	-0.00682	0.302	0.132	2.845	3.342
-20.33	-4.43	3.00	0.757	-0.033	0.163	0.113	-0.00715	0.277	0.152	2.993	3.327
-20.33	-4.43	3.15	0.776	-0.031	0.170	0.116	-0.00735	0.244	0.158	2.840	3.369
-20.33	-4.43	3.38	0.770	-0.028	0.165	0.110	-0.00692	0.190	0.103	2.686	3.332
-20.33	-4.43	3.60	0.815	-0.032	0.175	0.115	-0.00805	0.134	0.156	2.713	3.439
-20.33	-4.43	3.83	0.815	-0.027	0.169	0.110	-0.00700	0.103	0.202	2.766	3.559
-20.33	-4.43	4.13	0.852	-0.024	0.168	0.109	-0.00660	0.077	0.285	2.869	3.517
-20.33	-4.43	4.50	0.861	-0.018	0.171	0.107	-0.00667	0.060	0.348	2.669	3.608
-20.33	-4.43	4.88	0.889	-0.017	0.170	0.107	-0.00677	-0.075	0.295	2.795	3.612
-20.33	-4.43	5.25	0.901	-0.012	0.164	0.102	-0.00568	-0.025	0.380	2.901	3.666
-20.33	-4.43	6.00	0.938	-0.008	0.159	0.099	-0.00510	-0.018	0.343	2.990	3.712
-20.33	-4.43	7.50	0.989	-0.003	0.150	0.094	-0.00434	-0.138	0.389	2.878	3.851
-20.33	-4.43	9.00	1.053	-0.007	0.144	0.090	-0.00406	-0.173	0.227	2.880	3.556
-20.33	-4.43	10.50	1.054	0.000	0.141	0.095	-0.00436	-0.074	0.233	2.808	3.527
-20.33	-4.43	12.00	1.109	-0.001	0.134	0.091	-0.00339	-0.142	0.197	3.025	3.828
-20.33	-4.43	13.50	1.091	-0.003	0.131	0.091	-0.00347	-0.029	0.097	2.875	3.493
-16.95	2.85	0.90	0.371	-0.020	0.228	0.175	0.00064	0.178	-0.137	2.884	3.536
-16.95	2.85	1.13	0.396	-0.008	0.232	0.182	-0.00206	0.168	-0.144	2.828	3.501
-16.95	2.85	1.35	0.403	0.003	0.228	0.181	-0.00353	0.157	-0.243	2.796	3.490
-16.95	2.85	1.58	0.441	0.013	0.236	0.184	-0.00515	0.175	-0.212	2.842	3.540
-16.95	2.85	1.80	0.477	0.019	0.232	0.184	-0.00571	0.014	-0.168	2.720	3.471
-16.95	2.85	1.95	0.509	0.019	0.233	0.182	-0.00620	-0.019	-0.122	2.722	3.408
-16.95	2.85	2.10	0.543	0.023	0.233	0.181	-0.00717	-0.061	-0.047	2.785	3.450
-16.95	2.85	2.25	0.571	0.027	0.231	0.176	-0.00719	-0.123	0.009	2.834	3.580
-16.95	2.85	2.40	0.612	0.027	0.227	0.172	-0.00773	-0.171	0.073	2.960	3.566
-16.95	2.85	2.55	0.646	0.031	0.222	0.168	-0.00804	-0.220	0.171	3.056	3.661
-16.95	2.85	2.70	0.676	0.031	0.214	0.159	-0.00702	-0.248	0.255	3.182	3.874
-16.95	2.85	2.85	0.701	0.033	0.204	0.151	-0.00696	-0.326	0.378	3.254	3.986
-16.95	2.85	3.00	0.745	0.032	0.197	0.144	-0.00668	-0.306	0.456	3.482	4.245
-16.95	2.85	3.15	0.770	0.030	0.193	0.134	-0.00609	-0.252	0.510	3.546	4.414
-16.95	2.85	3.38	0.795	0.028	0.178	0.122	-0.00510	-0.205	0.515	3.630	4.491
-16.95	2.85	3.60	0.828	0.027	0.168	0.115	-0.00440	-0.156	0.460	3.463	4.472
-16.95	2.85	3.83	0.848	0.025	0.164	0.113	-0.00446	-0.058	0.415	3.352	4.112
-16.95	2.85	4.13	0.863	0.024	0.158	0.110	-0.00425	-0.013	0.354	3.182	3.853
-16.95	2.85	4.50	0.877	0.018	0.156	0.107	-0.00442	0.028	0.339	2.967	3.681
-16.95	2.85	4.88	0.895	0.016	0.157	0.107	-0.00490	0.026	0.402	2.879	3.789
-16.95	2.85	5.25	0.907	0.011	0.154	0.103	-0.00494	-0.070	0.405	2.793	3.838
-16.95	2.85	6.00	0.937	0.008	0.158	0.102	-0.00536	-0.021	0.409	2.891	3.954
-16.95	2.85	7.50	0.992	0.003	0.150	0.096	-0.00458	-0.143	0.384	3.001	3.866
-16.95	2.85	9.00	1.040	0.006	0.150	0.095	-0.00447	-0.104	0.408	2.917	4.269
-16.95	2.85	10.50	1.069	0.003	0.141	0.094	-0.00399	-0.122	0.250	2.954	3.888
-16.95	2.85	12.00	1.087	-0.003	0.140	0.093	-0.00402	-0.134	0.175	2.979	3.709
-16.95	2.85	13.50	1.109	0.001	0.135	0.095	-0.00401	-0.053	0.177	2.830	3.714
36.23	-1.88	1.58	0.637	-0.052	0.132	0.125	-0.00395	0.227	0.022	3.338	3.310
36.23	-1.88	1.80	0.650	-0.050	0.138	0.130	-0.00457	0.269	0.036	3.365	3.318
36.23	-1.88	1.95	0.655	-0.047	0.141	0.130	-0.00486	0.272	0.062	3.309	3.210
36.23	-1.88	2.10	0.667	-0.043	0.143	0.130	-0.00520	0.307	0.101	3.375	3.263
36.23	-1.88	2.25	0.671	-0.042	0.147	0.130	-0.00563	0.319	0.104	3.381	3.187
36.23	-1.88	2.40	0.673	-0.036	0.147	0.130	-0.00546	0.315	0.121	3.307	3.231
36.23	-1.88	2.55	0.683	-0.033	0.148	0.128	-0.00549	0.315	0.123	3.165	3.184
36.23	-1.88	2.70	0.692	-0.031	0.150	0.129	-0.00572	0.287	0.154	3.253	3.221
36.23	-1.88	2.85	0.702	-0.030	0.157	0.132	-0.00667	0.321	0.154	3.172	3.191
36.23	-1.88	3.00	0.712	-0.029	0.156	0.127	-0.00676	0.255	0.207	3.133	3.252
36.23	-1.88	3.15	0.726	-0.029	0.158	0.127	-0.00685	0.266	0.205	3.048	3.228
36.23	-1.88	3.38	0.747	-0.026	0.161	0.126	-0.00695	0.217	0.212	2.881	3.203
36.23	-1.88	3.60	0.755	-0.020	0.165	0.124	-0.00750	0.212	0.237	2.901	3.254
36.23	-1.88	3.83	0.777	-0.023	0.164	0.119	-0.00717	0.193	0.229	2.897	3.258
36.23	-1.88	4.13	0.817	-0.019	0.169	0.119	-0.00763	0.128	0.286	2.834	3.380
36.23	-1.88	4.50	0.851	-0.019	0.167	0.114	-0.00710	0.019	0.294	2.807	3.392
36.23	-1.88	4.88	0.875	-0.017	0.163	0.112	-0.00625	-0.005	0.407	2.958	3.615
36.23	-1.88	5.25	0.909	-0.018	0.164	0.106	-0.00605	-0.049	0.422	2.839	3.699
36.23	-1.88	6.00	0.940	-0.013	0.156	0.102	-0.00547	-0.054	0.329	2.961	3.985
36.23	-1.88	7.50	1.004	-0.010	0.149	0.097	-0.00455	-0.068	0.292	2.831	3.841
36.23	-1.88	9.00	1.037	-0.007	0.139	0.092	-0.00432	-0.135	0.222	2.800	3.614
36.23	-1.88	10.50	1.069	-0.003	0.147	0.093	-0.00428	-0.032	0.204	2.783	3.737
36.23	-1.88	12.00	1.083	-0.002	0.146	0.092	-0.00452	-0.069	0.162	2.755	3.459
36.23	-1.88	13.50	1.111	-0.001	0.138	0.094	-0.00429	-0.159	0.112	2.843	3.423
27.00	3.30	1.13	0.642	-0.117	0.143	0.120	-0.00579	0.428	-0.269	3.654	3.809
27.00	3.30	1.35	0.658	-0.111	0.143	0.118	-0.00612	0.414	-0.172	3.539	3.371
27.00	3.30	1.58	0.681	-0.110	0.149	0.123	-0.00679	0.366	-0.087	3.419	3.488
27.00	3.30	1.80	0.709	-0.108	0.162	0.122	-0.00866	0.460	0.048	3.337	3.281
27.00	3.30	1.95	0.706	-0.096	0.156	0.117	-0.00771	0.364	0.089	3.169	3.290
27.00	3.30	2.10	0.723	-0.097	0.163	0.117	-0.00805	0.274	0.080	3.073	3.320
27.00	3.30	2.25	0.734	-0.089	0.164	0.115	-0.00800	0.347	0.156	3.058	3.562
27.00	3.30	2.40	0.748	-0.086	0.167	0.116	-0.00843	0.250	0.245	2.943	3.548
27.00	3.30	2.55	0.763	-0.082	0.167	0.113	-0.00810	0.252	0.166	2.970	3.421
27.00	3.30	2.70	0.771	-0.073	0.170	0.110	-0.00775	0.252	0.239	2.988	3.478
27.00	3.30	2.85	0.780	-0.069	0.171	0.109	-0.00786	0.231	0.199	2.951	3.494
27.00	3.30	3.00	0.799	-0.064	0.170	0.108	-0.00772	0.133	0.269	2.872	3.526
27.00	3.30	3.15	0.812	-0.062	0.170	0.108	-0.00755	0.135	0.215	2.841	3.603
27.00	3.30	3.38	0.821	-0.051	0.169	0.104	-0.00704	0.151	0.236	3.010	3.698
27.00	3.30	3.60	0.830	-0.045	0.165	0.102	-0.00649	0.040	0.310	2.854	3.898
27.00	3.30	3.83	0.844	-0.040	0.162	0.103	-0.00623	0.038	0.278	2.989	3.828
27.00	3.30	4.13	0.872	-0.036	0.162	0.103	-0.00604	0.071	0.226	2.927	3.572
27.00	3.30	4.50	0.880	-0.027	0.159	0.102	-0.00586	0.022	0.321	2.937	3.910
27.00	3.30	4.88	0.905	-0.023	0.158	0.101	-0.00545	-0.007	0.246	2.870	3.702
27.00	3.30	5.25	0.911	-0.018	0.158	0.101	-0.00539	0.035	0.228	2.883	3.671
27.00	3.30	6.00	0.946	-0.012	0.156	0.099	-0.00508	-0.036	0.257	2.816	3.574
27.00	3.30	7.50	0.998	-0.006	0.150	0.098	-0.00495	-0.039	0.273	2.862	3.586
27.00	3.30	9.00	1.049	-0.004	0.146	0.094	-0.00427	-0.142	0.308	2.884	3.720
27.00	3.30	10.50	1.071	-0.004	0.146	0.094	-0.00473	-0.042	0.196	2.830	3.542
27.00	3.30	12.00	1.100	-0.004	0.141	0.094	-0.00408	-0.077	0.124	2.767	3.631
27.00	3.30	13.50	1.098	0.000	0.139	0.092	-0.00378	-0.082	0.201	2.795	3.794
31.05	8.70	0.45	0.251	-0.025	0.203	0.162	0.00289	0.172	-0.158	2.892	3.178
31.05	8.70	0.68	0.249	-0.027	0.210	0.166	0.00134	0.229	-0.116	2.850	3.192
31.05	8.70	0.90	0.269	-0.026	0.216	0.171	-0.00058	0.272	-0.147	2.902	3.228
31.05	8.70	1.13	0.281	-0.025	0.214	0.176	-0.00259	0.205	-0.161	2.755	3.287
31.05	8.70	1.35	0.313	-0.024	0.219	0.180	-0.00394	0.242	-0.119	2.846	3.187
31.05	8.70	1.58	0.357	-0.021	0.219	0.186	-0.00545	0.160	-0.108	2.739	3.090
31.05	8.70	1.80	0.403	-0.022	0.221	0.181	-0.00754	0.119	-0.049	2.758	3.043
31.05	8.70	1.95	0.440	-0.020	0.220	0.179	-0.00894	0.069	0.027	2.752	2.973
31.05	8.70	2.10	0.475	-0.022	0.216	0.177	-0.01032	-0.012	0.151	2.791	3.047
31.05	8.70	2.25	0.521	-0.018	0.217	0.172	-0.01110	-0.048	0.261	2.851	3.128
31.05	8.70	2.40	0.565	-0.017	0.210	0.164	-0.01100	-0.107	0.354	2.871	3.273
31.05	8.70	2.55	0.606	-0.016	0.202	0.154	-0.01063	-0.172	0.478	3.080	3.553
31.05	8.70	2.70	0.655	-0.017	0.195	0.147	-0.00962	-0.153	0.582	3.123	3.876
31.05	8.70	2.85	0.694	-0.017	0.189	0.137	-0.00855	-0.225	0.584	3.277	3.979
31.05	8.70	3.00	0.724	-0.016	0.182	0.129	-0.00739	-0.159	0.636	3.366	4.388
31.05	8.70	3.15	0.736	-0.013	0.170	0.121	-0.00607	-0.080	0.643	3.463	4.493
31.05	8.70	3.38	0.768	-0.014	0.165	0.112	-0.00563	-0.050	0.475	3.339	4.312
31.05	8.70	3.60	0.776	-0.011	0.159	0.110	-0.00503	0.047	0.359	3.150	4.003
31.05	8.70	3.83	0.800	-0.011	0.158	0.112	-0.00533	0.022	0.329	3.012	3.789
31.05	8.70	4.13	0.819	-0.010	0.157	0.110	-0.00535	0.084	0.314	2.984	3.851
31.05	8.70	4.50	0.845	-0.010	0.164	0.110	-0.00628	0.117	0.334	2.927	3.689
31.05	8.70	4.88	0.862	-0.008	0.163	0.110	-0.00604	0.093	0.310	2.892	3.756
31.05	8.70	5.25	0.882	-0.003	0.161	0.110	-0.00596	0.002	0.378	2.788	3.722
31.05	8.70	6.00	0.925	-0.006	0.157	0.108	-0.00594	-0.096	0.404	2.872	3.924
31.05	8.70	7.50	0.995	-0.006	0.154	0.100	-0.00513	-0.039	0.379	2.863	4.111
31.05	8.70	9.00	1.029	-0.002	0.146	0.094	-0.00421	-0.059	0.315	2.966	4.000
31.05	8.70	10.50	1.070	-0.004	0.147	0.094	-0.00437	-0.039	0.239	2.800	3.580
31.05	8.70	12.00	1.098	-0.002	0.140	0.091	-0.00385	-0.018	0.206	2.867	3.513
31.05	8.70	13.50	1.124	-0.006	0.138	0.091	-0.00405	-0.152	0.125	3.064	3.512
99.30	-1.28	1.35	0.682	-0.107	0.134	0.112	-0.00449	0.283	-0.195	3.584	3.922
99.30	-1.28	1.58	0.697	-0.104	0.139	0.115	-0.00508	0.285	-0.039	3.392	3.817
99.30	-1.28	1.80	0.702	-0.103	0.143	0.116	-0.00560	0.276	0.028	3.295	3.976
99.30	-1.28	1.95	0.719	-0.102	0.147	0.119	-0.00646	0.318	0.106	3.198	3.851
99.30	-1.28	2.10	0.727	-0.098	0.150	0.116	-0.00674	0.268	0.139	3.218	3.718
99.30	-1.28	2.25	0.744	-0.095	0.152	0.116	-0.00670	0.235	0.189	3.134	3.873
99.30	-1.28	2.40	0.750	-0.095	0.158	0.115	-0.00743	0.215	0.219	3.100	3.704
99.30	-1.28	2.55	0.763	-0.089	0.157	0.116	-0.00749	0.193	0.404	3.115	4.119
99.30	-1.28	2.70	0.770	-0.087	0.161	0.112	-0.00744	0.240	0.269	3.149	3.927
99.30	-1.28	2.85	0.788	-0.083	0.160	0.110	-0.00733	0.198	0.310	2.988	3.935
99.30	-1.28	3.00	0.803	-0.081	0.162	0.110	-0.00731	0.242	0.352	3.092	4.170
99.30	-1.28	3.15	0.816	-0.079	0.168	0.108	-0.00785	0.201	0.290	2.903	3.924
99.30	-1.28	3.38	0.834	-0.074	0.161	0.107	-0.00702	0.094	0.331	2.859	3.729
99.30	-1.28	3.60	0.843	-0.069	0.163	0.103	-0.00693	0.123	0.338	2.800	3.863
99.30	-1.28	3.83	0.862	-0.063	0.163	0.104	-0.00673	0.082	0.379	2.850	3.935
99.30	-1.28	4.13	0.875	-0.058	0.160	0.100	-0.00614	0.018	0.397	2.857	3.997
99.30	-1.28	4.50	0.908	-0.053	0.163	0.099	-0.00600	0.069	0.334	2.897	3.909
99.30	-1.28	4.88	0.908	-0.047	0.152	0.095	-0.00525	-0.026	0.260	2.853	3.874
99.30	-1.28	5.25	0.918	-0.040	0.151	0.094	-0.00482	0.087	0.234	2.928	3.809
99.30	-1.28	6.00	0.968	-0.036	0.151	0.094	-0.00484	-0.027	0.248	2.828	3.591
99.30	-1.28	7.50	1.010	-0.028	0.150	0.092	-0.00452	-0.010	0.257	2.784	3.639
99.30	-1.28	9.00	1.051	-0.022	0.147	0.092	-0.00469	-0.047	0.175	2.864	3.736
99.30	-1.28	10.50	1.086	-0.017	0.145	0.094	-0.00456	-0.079	0.194	2.825	3.629
99.30	-1.28	12.00	1.100	-0.016	0.142	0.091	-0.00428	-0.074	0.228	2.867	3.618
99.30	-1.28	13.50	1.128	-0.018	0.134	0.090	-0.00370	-0.102	0.190	2.761	3.629
91.50	3.00	1.35	0.674	-0.077	0.136	0.104	-0.00438	0.458	-0.022	3.834	3.894
91.50	3.00	1.58	0.683	-0.074	0.137	0.106	-0.00468	0.449	-0.120	3.627	3.644
91.50	3.00	1.80	0.699	-0.072	0.144	0.109	-0.00551	0.526	-0.047	3.544	3.359
91.50	3.00	1.95	0.701	-0.067	0.146	0.108	-0.00544	0.533	0.029	3.619	3.584
91.50	3.00	2.10	0.707	-0.063	0.146	0.107	-0.00574	0.508	0.013	3.486	3.368
91.50	3.00	2.25	0.719	-0.062	0.149	0.110	-0.00579	0.418	0.023	3.219	3.417
91.50	3.00	2.40	0.725	-0.057	0.149	0.107	-0.00559	0.428	0.070	3.223	3.347
91.50	3.00	2.55	0.742	-0.058	0.158	0.110	-0.00646	0.419	0.034	3.129	3.275
91.50	3.00	2.70	0.759	-0.057	0.160	0.110	-0.00645	0.360	0.063	3.051	3.297
91.50	3.00	2.85	0.769	-0.053	0.161	0.108	-0.00640	0.340	0.132	3.006	3.377
91.50	3.00	3.00	0.775	-0.049	0.163	0.108	-0.00650	0.267	0.109	2.822	3.370
91.50	3.00	3.15	0.783	-0.049	0.161	0.108	-0.00644	0.268	0.135	2.855	3.385
91.50	3.00	3.38	0.802	-0.046	0.166	0.108	-0.00662	0.268	0.157	2.853	3.384
91.50	3.00	3.60	0.817	-0.041	0.167	0.106	-0.00667	0.212	0.162	2.782	3.434
91.50	3.00	3.83	0.836	-0.040	0.165	0.106	-0.00636	0.106	0.176	2.673	3.458
91.50	3.00	4.13	0.848	-0.035	0.167	0.104	-0.00637	0.081	0.162	2.750	3.408
91.50	3.00	4.50	0.875	-0.033	0.163	0.102	-0.00602	0.034	0.306	2.800	3.725
91.50	3.00	4.88	0.912	-0.032	0.162	0.102	-0.00591	-0.006	0.265	2.792	3.682
91.50	3.00	5.25	0.925	-0.028	0.159	0.101	-0.00576	-0.033	0.224	2.914	3.766
91.50	3.00	6.00	0.952	-0.027	0.155	0.097	-0.00522	-0.010	0.244	2.860	3.795
91.50	3.00	7.50	1.003	-0.020	0.145	0.094	-0.00432	-0.056	0.227	2.762	3.590
91.50	3.00	9.00	1.038	-0.015	0.145	0.092	-0.00465	-0.067	0.215	2.788	3.655
91.50	3.00	10.50	1.082	-0.014	0.144	0.092	-0.00424	-0.068	0.187	2.802	3.561
91.50	3.00	12.00	1.104	-0.010	0.141	0.091	-0.00389	-0.118	0.134	2.816	3.582
91.50	3.00	13.50	1.125	-0.013	0.135	0.092	-0.00401	-0.063	0.105	2.864	3.415
95.33	9.83	0.45	0.279	-0.006	0.236	0.169	0.00387	-0.003	-0.106	2.943	3.289
95.33	9.83	0.68	0.266	-0.015	0.246	0.174	0.00301	0.010	-0.117	2.594	3.350
95.33	9.83	0.90	0.261	-0.009	0.257	0.182	0.00170	0.050	-0.110	2.548	3.269
95.33	9.83	1.13	0.272	-0.002	0.258	0.186	-0.00165	0.089	-0.185	2.650	3.320
95.33	9.83	1.35	0.298	0.008	0.261	0.188	-0.00331	0.055	-0.221	2.593	3.323
95.33	9.83	1.58	0.332	0.013	0.259	0.194	-0.00389	0.069	-0.222	2.721	3.335
95.33	9.83	1.80	0.376	0.019	0.267	0.197	-0.00623	0.001	-0.145	2.641	3.200
95.33	9.83	1.95	0.417	0.016	0.259	0.196	-0.00621	-0.081	-0.155	2.706	3.241
95.33	9.83	2.10	0.455	0.016	0.266	0.192	-0.00765	-0.084	-0.062	2.736	3.204
95.33	9.83	2.25	0.490	0.019	0.256	0.191	-0.00760	-0.163	0.013	2.781	3.314
95.33	9.83	2.40	0.537	0.018	0.253	0.184	-0.00851	-0.210	0.104	2.828	3.330
95.33	9.83	2.55	0.575	0.017	0.246	0.175	-0.00903	-0.219	0.193	2.874	3.416
95.33	9.83	2.70	0.623	0.019	0.241	0.168	-0.00925	-0.293	0.309	2.993	3.732
95.33	9.83	2.85	0.663	0.020	0.227	0.156	-0.00844	-0.362	0.417	3.187	3.978
95.33	9.83	3.00	0.713	0.020	0.218	0.144	-0.00788	-0.412	0.506	3.349	4.246
95.33	9.83	3.15	0.741	0.021	0.204	0.132	-0.00718	-0.397	0.547	3.532	4.485
95.33	9.83	3.38	0.793	0.025	0.188	0.122	-0.00578	-0.376	0.632	3.691	4.889
95.33	9.83	3.60	0.826	0.024	0.174	0.111	-0.00495	-0.219	0.440	3.668	4.391
95.33	9.83	3.83	0.836	0.024	0.161	0.106	-0.00470	-0.170	0.386	3.617	4.279
95.33	9.83	4.13	0.870	0.021	0.154	0.105	-0.00445	-0.056	0.312	3.321	3.971
95.33	9.83	4.50	0.881	0.015	0.152	0.101	-0.00456	0.062	0.324	3.006	3.743
95.33	9.83	4.88	0.906	0.010	0.154	0.100	-0.00491	0.101	0.274	2.841	3.783
95.33	9.83	5.25	0.928	0.007	0.151	0.101	-0.00501	0.064	0.324	2.912	3.856
95.33	9.83	6.00	0.960	0.001	0.153	0.098	-0.00507	-0.026	0.287	2.811	3.758
95.33	9.83	7.50	1.010	-0.005	0.148	0.094	-0.00464	-0.103	0.282	2.770	3.763
95.33	9.83	9.00	1.060	-0.009	0.145	0.093	-0.00438	-0.130	0.254	2.934	3.685
95.33	9.83	10.50	1.078	-0.011	0.141	0.094	-0.00429	-0.077	0.242	2.913	3.575
95.33	9.83	12.00	1.116	-0.016	0.134	0.091	-0.00380	-0.120	0.209	2.816	3.564
95.33	9.83	13.50	1.121	-0.011	0.137	0.091	-0.00424	-0.153	0.184	2.841	3.533
