1.8750000E+01 4.4400000E+00 2.1800000E+00 3.6500000E-01 
5.6250000E+01 5.9200000E+00 2.6700000E+00 2.9500000E-01 
9.3750000E+01 6.9100000E+00 2.8300000E+00 2.4500000E-01 
1.3125000E+02 7.7300000E+00 2.8400000E+00 2.0500000E-01 
1.6875000E+02 8.4300000E+00 2.7500000E+00 1.7500000E-01 
2.0625000E+02 9.0200000E+00 2.5700000E+00 1.4500000E-01 
2.4375000E+02 9.5200000E+00 2.3400000E+00 1.2000000E-01 
2.8125000E+02 9.9300000E+00 2.0600000E+00 1.0000000E-01 
3.1875000E+02 1.0250000E+01 1.7500000E+00 8.5000000E-02 
3.5625000E+02 1.0470000E+01 1.4400000E+00 7.0000000E-02 
3.9375000E+02 1.0620000E+01 1.1200000E+00 5.5000000E-02 
4.3125000E+02 1.0700000E+01 8.2000000E-01 4.5000000E-02 
4.6875000E+02 1.0710000E+01 5.5000000E-01 3.5000000E-02 
5.0625000E+02 1.0670000E+01 3.1000000E-01 2.5000000E-02 
5.4375000E+02 1.0590000E+01 1.2000000E-01 2.0000000E-02 
5.8125000E+02 1.0480000E+01 -2.0000000E-02 1.5000000E-02 
6.1875000E+02 1.0360000E+01 -1.1000000E-01 1.0000000E-02 
6.5625000E+02 1.0240000E+01 -1.6000000E-01 1.0000000E-02 
6.9375000E+02 1.0130000E+01 -1.7000000E-01 5.0000000E-03 
7.3125000E+02 1.0040000E+01 -1.5000000E-01 5.0000000E-03 
7.6875000E+02 9.9900000E+00 -1.1000000E-01 5.0000000E-03 
8.0625000E+02 9.9600000E+00 -6.0000000E-02 0.0000000E+00 
8.4375000E+02 9.9500000E+00 -2.0000000E-02 0.0000000E+00 
8.8125000E+02 9.9600000E+00 1.0000000E-02 0.0000000E+00 
9.1875000E+02 9.9800000E+00 2.0000000E-02 0.0000000E+00 
9.5625000E+02 9.9900000E+00 2.0000000E-02 0.0000000E+00 
9.9375000E+02 1.0000000E+01 2.0000000E-02 0.0000000E+00 
1.0312500E+03 9.9900000E+00 2.0000000E-02 0.0000000E+00 
1.0687500E+03 9.9900000E+00 2.0000000E-02 0.0000000E+00 
1.1062500E+03 9.9900000E+00 1.0000000E-02 0.0000000E+00 
1.1437500E+03 1.0000000E+01 1.0000000E-02 0.0000000E+00 
1.1812500E+03 1.0000000E+01 1.0000000E-02 0.0000000E+00 
1.2187500E+03 1.0000000E+01 1.0000000E-02 0.0000000E+00 
1.2562500E+03 1.0000000E+01 0.0000000E+00 0.0000000E+00 
1.2937500E+03 1.0000000E+01 0.0000000E+00 0.0000000E+00 
1.3312500E+03 1.0000000E+01 0.0000000E+00 0.0000000E+00 
1.3687500E+03 1.0000000E+01 0.0000000E+00 0.0000000E+00 
1.4062500E+03 1.0000000E+01 0.0000000E+00 0.0000000E+00 
1.4437500E+03 1.0000000E+01 0.0000000E+00 0.0000000E+00 
1.4812500E+03 1.0000000E+01 0.0000000E+00 0.0000000E+00 
