Subject: Wavy Wall Data - x/lambda = 0.4, u',v',u'v'
 
 v1` w/o n    v2` w/o n    RS` w/o n    v1` navg     v2` navg     RS navg
 
   7.284E-01    4.285E-01    7.079E-02
   7.097E-01    4.340E-01    8.870E-02
   7.485E-01    4.323E-01    1.008E-01
   7.803E-01    4.556E-01    1.394E-01
   7.851E-01    4.770E-01    1.481E-01
   7.795E-01    4.457E-01    8.683E-02
   8.220E-01    4.801E-01    1.027E-01
   8.463E-01    4.641E-01    1.430E-01
   8.490E-01    5.288E-01    1.558E-01
   7.982E-01    4.973E-01    1.160E-01
   8.797E-01    5.495E-01    1.764E-01
   8.719E-01    5.711E-01    1.734E-01
   9.458E-01    5.589E-01    1.886E-01
   9.784E-01    6.213E-01    1.557E-01
   9.536E-01    6.724E-01    2.214E-01
   1.009E+00    6.815E-01    2.361E-01
   1.061E+00    7.227E-01    3.001E-01
   1.049E+00    7.428E-01    2.450E-01
   1.019E+00    7.361E-01    2.546E-01
   1.140E+00    8.199E-01    3.901E-01
   1.160E+00    8.009E-01    3.377E-01
   1.172E+00    8.251E-01    3.733E-01
   1.225E+00    8.524E-01    4.066E-01
   1.262E+00    8.574E-01    4.544E-01
   1.312E+00    9.068E-01    5.351E-01
   1.465E+00    9.781E-01    7.208E-01
   1.650E+00    1.005E+00    9.254E-01
   1.929E+00    1.017E+00    1.116E+00
   1.990E+00    9.555E-01    1.057E+00
   2.040E+00    9.236E-01    1.060E+00
   1.872E+00    8.137E-01    7.248E-01
   1.695E+00    8.337E-01    6.697E-01
   1.551E+00    8.368E-01    6.510E-01
   1.480E+00    8.074E-01    5.392E-01
   1.500E+00    8.060E-01    5.157E-01
   1.448E+00    8.533E-01    5.556E-01
   1.408E+00    8.366E-01    5.535E-01
   1.508E+00    8.159E-01    5.680E-01
   1.306E+00    7.633E-01    4.486E-01
   1.250E+00    7.616E-01    3.925E-01
   1.204E+00    7.057E-01    3.807E-01
   1.252E+00    7.381E-01    4.336E-01
   1.187E+00    7.115E-01    3.940E-01
   1.192E+00    6.848E-01    3.876E-01
   1.135E+00    6.458E-01    3.413E-01
   9.994E-01    6.511E-01    3.155E-01
   9.440E-01    5.935E-01    2.254E-01
   9.379E-01    5.976E-01    2.150E-01
   1.355E+00    1.142E+00    4.595E-01
