Subject: Wavy Wall Data - x/lambda = 0.0, u',v',u'v'
 
 v1` w/o n    v2` w/o n    RS` w/o n    v1` navg     v2` navg     RS navg
 
   8.020E-01    2.896E-01   -3.338E-02
   1.131E+00    3.182E-01   -3.803E-02
   1.335E+00    4.300E-01    1.184E-01
   1.393E+00    4.700E-01    1.663E-01
   1.428E+00    4.404E-01    1.433E-01
   1.481E+00    3.820E-01    1.416E-01
   1.685E+00    4.153E-01    2.660E-01
   1.669E+00    4.040E-01    2.603E-01
   1.669E+00    4.269E-01    2.521E-01
   1.714E+00    4.628E-01    3.132E-01
   1.677E+00    4.764E-01    2.957E-01
   1.761E+00    4.266E-01    2.948E-01
   1.712E+00    4.765E-01    2.560E-01
   1.580E+00    5.123E-01    2.980E-01
   1.611E+00    5.126E-01    2.598E-01
   1.592E+00    5.804E-01    3.131E-01
   1.595E+00    5.859E-01    2.726E-01
   1.550E+00    5.917E-01    2.553E-01
   1.663E+00    7.112E-01    4.624E-01
   1.526E+00    7.089E-01    3.822E-01
   1.569E+00    7.199E-01    4.005E-01
   1.641E+00    7.697E-01    4.529E-01
   1.511E+00    7.661E-01    4.337E-01
   1.566E+00    8.632E-01    4.701E-01
   1.575E+00    8.693E-01    5.001E-01
   1.653E+00    9.115E-01    5.833E-01
   1.578E+00    9.252E-01    6.024E-01
   1.576E+00    8.965E-01    6.314E-01
   1.677E+00    9.739E-01    7.147E-01
   1.603E+00    9.110E-01    7.225E-01
   1.601E+00    8.993E-01    6.483E-01
   1.537E+00    8.962E-01    6.940E-01
   1.542E+00    8.584E-01    5.845E-01
   1.486E+00    8.553E-01    5.908E-01
   1.419E+00    8.306E-01    5.609E-01
   1.345E+00    7.282E-01    4.696E-01
   1.301E+00    7.427E-01    4.352E-01
   1.164E+00    7.204E-01    3.778E-01
   1.285E+00    7.232E-01    4.601E-01
   1.232E+00    7.041E-01    4.231E-01
   1.246E+00    7.241E-01    4.365E-01
   1.146E+00    6.591E-01    3.384E-01
   1.058E+00    6.601E-01    3.366E-01
   1.073E+00    6.230E-01    2.993E-01
   1.084E+00    6.495E-01    3.420E-01
   1.009E+00    6.360E-01    2.590E-01
   1.076E+00    6.158E-01    2.627E-01
   1.102E+00    7.742E-01    1.938E-01
   1.602E+00    1.233E+00    2.553E-01
