Subject: Wavy Wall Data - x/lambda = 0.8, u',v',u'v'
 
 v1` w/o n    v2` w/o n    RS` w/o n    v1` navg     v2` navg     RS navg
 
   1.453E+00    3.512E-01   -3.279E-01
   1.500E+00    3.465E-01   -3.085E-01
   1.554E+00    3.481E-01   -3.179E-01
   1.587E+00    3.388E-01   -2.687E-01
   1.586E+00    3.874E-01   -2.765E-01
   1.579E+00    3.591E-01   -2.979E-01
   1.527E+00    3.897E-01   -1.883E-01
   1.462E+00    4.140E-01   -8.735E-02
   1.556E+00    4.729E-01   -1.061E-01
   1.532E+00    5.091E-01   -1.036E-01
   1.486E+00    5.406E-01   -2.467E-02
   1.589E+00    5.768E-01    1.810E-02
   1.525E+00    6.408E-01    1.133E-01
   1.514E+00    6.438E-01    1.216E-01
   1.494E+00    7.119E-01    1.123E-01
   1.606E+00    7.426E-01    1.919E-01
   1.620E+00    8.227E-01    2.351E-01
   1.506E+00    7.757E-01    2.610E-01
   1.544E+00    8.506E-01    3.778E-01
   1.556E+00    9.251E-01    3.752E-01
   1.571E+00    9.563E-01    4.476E-01
   1.629E+00    8.959E-01    4.714E-01
   1.579E+00    9.949E-01    5.394E-01
   1.576E+00    9.825E-01    5.583E-01
   1.706E+00    9.660E-01    6.703E-01
   1.716E+00    1.022E+00    7.107E-01
   1.773E+00    1.025E+00    7.497E-01
   1.803E+00    1.032E+00    8.796E-01
   1.817E+00    1.015E+00    9.484E-01
   1.691E+00    9.359E-01    7.374E-01
   1.738E+00    8.682E-01    6.662E-01
   1.472E+00    8.110E-01    5.025E-01
   1.535E+00    8.396E-01    5.974E-01
   1.350E+00    8.176E-01    5.360E-01
   1.368E+00    7.694E-01    4.836E-01
   1.155E+00    7.258E-01    3.548E-01
   1.362E+00    7.560E-01    5.470E-01
   1.158E+00    6.785E-01    3.823E-01
   1.304E+00    7.176E-01    4.505E-01
   1.153E+00    7.039E-01    3.783E-01
   1.094E+00    6.462E-01    3.185E-01
   1.096E+00    6.856E-01    3.271E-01
   1.076E+00    6.650E-01    3.585E-01
   1.077E+00    6.915E-01    3.919E-01
   1.021E+00    6.294E-01    2.873E-01
   9.446E-01    5.239E-01    2.148E-01
   9.538E-01    6.182E-01    2.531E-01
   1.010E+00    7.261E-01    3.119E-01
   1.293E+00    1.178E+00    7.198E-01
