Subject: Wavy Wall Data - x/lambda = 0.7, u',v',u'v'
 
 v1` w/o n    v2` w/o n    RS` w/o n    v1` navg     v2` navg     RS navg
 
   1.219E+00    4.121E-01   -3.731E-01
   1.295E+00    4.480E-01   -3.958E-01
   1.349E+00    4.268E-01   -3.921E-01
   1.230E+00    4.507E-01   -2.669E-01
   1.425E+00    4.408E-01   -3.291E-01
   1.321E+00    4.653E-01   -2.975E-01
   1.404E+00    5.176E-01   -3.368E-01
   1.463E+00    5.037E-01   -2.537E-01
   1.340E+00    5.337E-01   -1.949E-01
   1.464E+00    5.907E-01   -2.097E-01
   1.416E+00    6.290E-01   -1.536E-01
   1.457E+00    6.701E-01   -9.968E-02
   1.443E+00    6.737E-01   -1.775E-02
   1.507E+00    6.943E-01    7.622E-02
   1.578E+00    7.468E-01    1.683E-01
   1.569E+00    8.156E-01    1.715E-01
   1.544E+00    8.301E-01    2.381E-01
   1.560E+00    8.717E-01    3.444E-01
   1.516E+00    8.683E-01    3.076E-01
   1.632E+00    8.938E-01    4.366E-01
   1.601E+00    1.028E+00    5.185E-01
   1.725E+00    9.664E-01    5.656E-01
   1.686E+00    1.003E+00    6.993E-01
   1.797E+00    9.958E-01    7.414E-01
   1.849E+00    1.041E+00    7.112E-01
   1.733E+00    1.094E+00    7.996E-01
   1.825E+00    1.062E+00    8.887E-01
   1.959E+00    1.112E+00    1.060E+00
   2.007E+00    1.040E+00    1.096E+00
   1.934E+00    9.515E-01    8.082E-01
   1.753E+00    8.909E-01    7.898E-01
   1.582E+00    8.450E-01    6.136E-01
   1.489E+00    8.508E-01    5.551E-01
   1.390E+00    8.169E-01    5.190E-01
   1.414E+00    7.945E-01    5.057E-01
   1.351E+00    7.826E-01    4.845E-01
   1.384E+00    7.301E-01    4.967E-01
   1.242E+00    7.424E-01    4.021E-01
   1.186E+00    7.066E-01    3.820E-01
   1.257E+00    7.319E-01    4.201E-01
   1.159E+00    6.809E-01    3.517E-01
   1.162E+00    6.812E-01    3.618E-01
   1.067E+00    6.421E-01    2.876E-01
   1.025E+00    5.944E-01    2.579E-01
   9.604E-01    5.896E-01    2.314E-01
   1.009E+00    6.047E-01    2.776E-01
   8.778E-01    5.350E-01    1.495E-01
   9.735E-01    6.023E-01    2.596E-01
   1.314E+00    1.231E+00    7.736E-01
