Subject: Wavy Wall Data - x/lambda = 0.2, u',v',u'v'
 
 v1` w/o n    v2` w/o n    RS` w/o n    v1` navg     v2` navg     RS navg
 
   7.467E-01    7.493E-01    2.435E-01
   6.779E-01    6.495E-01    1.721E-01
   6.611E-01    6.158E-01    1.040E-01
   7.223E-01    6.642E-01    1.079E-01
   6.888E-01    6.074E-01    9.575E-02
   7.457E-01    6.447E-01    6.408E-02
   8.881E-01    7.116E-01   -1.186E-01
   8.852E-01    6.738E-01   -1.033E-01
   7.473E-01    6.293E-01    1.195E-01
   7.577E-01    6.088E-01    1.125E-01
   9.655E-01    6.992E-01   -5.967E-02
   9.249E-01    5.505E-01    4.703E-02
   9.342E-01    5.299E-01    9.535E-02
   1.059E+00    5.683E-01    1.078E-01
   1.080E+00    5.337E-01    1.481E-01
   1.229E+00    5.327E-01    2.173E-01
   1.385E+00    5.129E-01    1.990E-01
   1.495E+00    5.309E-01    3.062E-01
   1.646E+00    5.308E-01    3.955E-01
   1.593E+00    5.606E-01    4.083E-01
   1.750E+00    5.476E-01    4.136E-01
   1.854E+00    5.743E-01    6.012E-01
   1.943E+00    6.049E-01    6.459E-01
   1.786E+00    5.606E-01    6.004E-01
   1.922E+00    6.133E-01    6.220E-01
   1.812E+00    5.971E-01    5.739E-01
   1.775E+00    6.869E-01    6.905E-01
   1.502E+00    6.995E-01    4.702E-01
   1.443E+00    8.067E-01    4.873E-01
   1.467E+00    8.503E-01    4.997E-01
   1.539E+00    9.328E-01    6.882E-01
   1.594E+00    9.029E-01    7.620E-01
   1.571E+00    9.058E-01    6.595E-01
   1.546E+00    8.244E-01    6.166E-01
   1.437E+00    8.199E-01    5.274E-01
   1.421E+00    8.230E-01    5.267E-01
   1.448E+00    7.997E-01    5.696E-01
   1.332E+00    7.389E-01    4.568E-01
   1.326E+00    7.686E-01    4.893E-01
   1.223E+00    7.582E-01    3.977E-01
   1.237E+00    7.379E-01    4.470E-01
   1.185E+00    7.326E-01    3.871E-01
   1.151E+00    6.573E-01    3.426E-01
   1.140E+00    6.645E-01    3.553E-01
   1.052E+00    6.911E-01    3.614E-01
   1.028E+00    6.312E-01    2.660E-01
   9.140E-01    6.100E-01    1.999E-01
   1.091E+00    8.387E-01    3.670E-01
   1.575E+00    1.372E+00    4.954E-01
