Subject: Wavy Wall Data - x/lambda = 0.9, u',v',u'v'
 
 v1` w/o n    v2` w/o n    RS` w/o n    v1` navg     v2` navg     RS navg
 
   1.407E+00    2.894E-01   -2.323E-01
   1.441E+00    2.335E-01   -1.099E-01
   1.499E+00    2.489E-01   -6.385E-02
   1.692E+00    2.237E-01    1.777E-02
   1.484E+00    2.359E-01   -6.967E-02
   1.592E+00    2.905E-01   -2.203E-02
   1.622E+00    3.029E-01   -1.496E-02
   1.656E+00    3.345E-01    3.240E-03
   1.738E+00    4.097E-01    1.091E-01
   1.641E+00    4.154E-01    1.390E-01
   1.618E+00    4.714E-01    1.517E-01
   1.631E+00    5.140E-01    1.311E-01
   1.555E+00    5.640E-01    2.024E-01
   1.596E+00    6.080E-01    2.169E-01
   1.600E+00    6.287E-01    2.587E-01
   1.498E+00    6.946E-01    2.685E-01
   1.571E+00    7.659E-01    3.520E-01
   1.500E+00    7.346E-01    2.822E-01
   1.629E+00    8.007E-01    4.437E-01
   1.504E+00    8.593E-01    4.486E-01
   1.520E+00    8.257E-01    3.484E-01
   1.455E+00    8.544E-01    4.060E-01
   1.519E+00    9.048E-01    5.224E-01
   1.635E+00    9.450E-01    5.524E-01
   1.487E+00    9.766E-01    5.565E-01
   1.510E+00    9.687E-01    5.982E-01
   1.596E+00    9.888E-01    7.129E-01
   1.691E+00    1.027E+00    7.949E-01
   1.597E+00    9.780E-01    7.476E-01
   1.608E+00    9.094E-01    6.918E-01
   1.458E+00    8.579E-01    6.228E-01
   1.383E+00    8.275E-01    5.241E-01
   1.369E+00    8.276E-01    5.327E-01
   1.402E+00    8.005E-01    5.758E-01
   1.333E+00    7.805E-01    5.482E-01
   1.281E+00    7.627E-01    5.162E-01
   1.241E+00    7.602E-01    4.310E-01
   1.217E+00    7.516E-01    4.962E-01
   1.294E+00    7.587E-01    5.110E-01
   1.215E+00    6.942E-01    4.454E-01
   9.963E-01    6.121E-01    2.454E-01
   1.100E+00    6.795E-01    4.019E-01
   1.102E+00    6.665E-01    3.661E-01
   1.066E+00    6.611E-01    3.291E-01
   1.084E+00    6.346E-01    3.676E-01
   9.690E-01    5.909E-01    2.351E-01
   9.684E-01    5.560E-01    2.349E-01
   1.024E+00    6.563E-01    3.195E-01
   1.297E+00    1.126E+00    5.523E-01
