Subject: Wavy Wall Data - x/lambda = 0.6, u',v',u'v'
 
 v1` w/o n    v2` w/o n    RS` w/o n    v1` navg     v2` navg     RS navg
 
   8.767E-01    5.274E-01   -2.203E-01
   9.260E-01    5.309E-01   -1.959E-01
   8.759E-01    5.337E-01   -1.699E-01
   1.025E+00    5.651E-01   -2.054E-01
   1.048E+00    5.360E-01   -2.418E-01
   9.601E-01    5.421E-01   -1.791E-01
   1.044E+00    5.538E-01   -1.544E-01
   1.022E+00    6.032E-01   -1.713E-01
   1.026E+00    5.936E-01   -1.142E-01
   1.089E+00    5.956E-01   -6.396E-02
   1.118E+00    6.586E-01   -2.662E-02
   1.138E+00    6.787E-01   -1.162E-01
   1.105E+00    6.936E-01   -1.111E-02
   1.218E+00    6.988E-01    3.140E-02
   1.175E+00    7.401E-01    8.905E-02
   1.292E+00    8.063E-01    1.281E-01
   1.312E+00    8.174E-01    2.595E-01
   1.334E+00    9.135E-01    2.978E-01
   1.374E+00    9.001E-01    2.934E-01
   1.366E+00    9.570E-01    3.959E-01
   1.436E+00    9.981E-01    4.432E-01
   1.465E+00    1.027E+00    5.254E-01
   1.487E+00    9.568E-01    5.621E-01
   1.526E+00    1.036E+00    6.475E-01
   1.633E+00    1.054E+00    8.377E-01
   1.781E+00    1.137E+00    9.990E-01
   1.878E+00    1.093E+00    1.072E+00
   1.949E+00    1.114E+00    1.189E+00
   1.946E+00    1.074E+00    1.053E+00
   2.128E+00    1.005E+00    1.179E+00
   1.932E+00    9.667E-01    9.193E-01
   1.770E+00    8.936E-01    7.415E-01
   1.748E+00    8.536E-01    7.313E-01
   1.530E+00    8.393E-01    5.722E-01
   1.439E+00    7.964E-01    5.292E-01
   1.513E+00    8.299E-01    6.071E-01
   1.358E+00    7.699E-01    4.579E-01
   1.293E+00    7.922E-01    4.458E-01
   1.374E+00    7.549E-01    4.964E-01
   1.343E+00    7.298E-01    4.819E-01
   1.455E+00    7.561E-01    5.139E-01
   1.221E+00    6.846E-01    3.726E-01
   1.061E+00    6.431E-01    3.051E-01
   1.184E+00    6.600E-01    3.195E-01
   1.150E+00    6.485E-01    3.720E-01
   1.025E+00    6.727E-01    2.770E-01
   1.034E+00    5.762E-01    2.706E-01
   8.658E-01    5.494E-01    1.697E-01
   1.261E+00    1.065E+00    2.203E-01
