Subject: Wavy Wall Data - x/lambda = 0.3, u',v',u'v'
 
 v1` w/o n    v2` w/o n    RS` w/o n    v1` navg     v2` navg     RS navg
 
   3.262E-02    2.727E-02   -8.893E-02
   3.399E-01    2.862E-01   -9.328E-01
   6.595E-01    5.527E-01    2.446E-02
   6.516E-01    5.402E-01    9.379E-02
   6.696E-01    6.401E-01   -1.908E-02
   8.613E-01    7.292E-01   -1.928E-01
   7.168E-01    5.244E-01    4.576E-02
   6.924E-01    5.132E-01    1.055E-01
   8.040E-01    6.224E-01   -9.118E-02
   7.457E-01    5.049E-01    9.921E-02
   6.907E-01    5.166E-01    8.167E-02
   7.440E-01    5.447E-01    8.606E-02
   7.759E-01    5.513E-01    1.044E-01
   8.198E-01    5.968E-01    1.303E-01
   8.049E-01    5.853E-01    1.317E-01
   9.787E-01    6.981E-01    2.896E-02
   9.329E-01    6.644E-01    2.049E-01
   9.755E-01    6.387E-01    2.038E-01
   9.521E-01    6.741E-01    1.752E-01
   1.138E+00    7.048E-01    2.892E-01
   1.226E+00    7.039E-01    2.956E-01
   1.294E+00    6.946E-01    4.132E-01
   1.327E+00    7.359E-01    3.980E-01
   1.538E+00    7.265E-01    5.628E-01
   1.603E+00    7.247E-01    5.649E-01
   1.858E+00    7.485E-01    7.683E-01
   1.879E+00    7.340E-01    8.134E-01
   2.130E+00    7.318E-01    9.805E-01
   2.125E+00    7.137E-01    9.054E-01
   1.775E+00    7.135E-01    5.908E-01
   1.514E+00    8.005E-01    5.615E-01
   1.481E+00    8.289E-01    4.980E-01
   1.566E+00    8.405E-01    6.387E-01
   1.516E+00    8.522E-01    5.927E-01
   1.503E+00    8.535E-01    5.678E-01
   1.386E+00    8.009E-01    4.887E-01
   1.425E+00    8.101E-01    5.037E-01
   1.385E+00    7.744E-01    5.415E-01
   1.292E+00    7.191E-01    4.605E-01
   1.219E+00    6.811E-01    3.516E-01
   1.201E+00    6.801E-01    3.767E-01
   1.138E+00    6.839E-01    3.569E-01
   1.154E+00    6.717E-01    3.418E-01
   1.056E+00    6.192E-01    2.863E-01
   1.075E+00    6.149E-01    2.859E-01
   1.044E+00    6.483E-01    2.933E-01
   1.042E+00    5.868E-01    2.572E-01
   9.377E-01    5.868E-01    2.190E-01
   1.287E+00    1.147E+00    6.061E-01
