Subject: Wavy Wall Data - x/lambda = 0.5, u',v',u'v'
 
 v1` w/o n    v2` w/o n    RS` w/o n    v1` navg     v2` navg     RS navg
 
   4.360E-01    2.978E-01   -2.335E-02
   5.264E-01    3.759E-01   -2.390E-02
   5.057E-01    3.234E-01   -2.555E-02
   5.322E-01    3.463E-01   -3.107E-02
   5.556E-01    3.777E-01   -5.389E-03
   5.770E-01    3.580E-01   -4.804E-03
   5.899E-01    3.604E-01   -2.631E-02
   6.893E-01    3.711E-01   -4.594E-02
   7.943E-01    4.271E-01   -4.517E-02
   8.157E-01    4.833E-01   -1.820E-02
   9.313E-01    5.484E-01    2.828E-02
   9.900E-01    6.060E-01    8.041E-02
   9.863E-01    6.053E-01    5.756E-02
   9.999E-01    6.960E-01    1.606E-01
   1.070E+00    6.619E-01    1.496E-01
   1.103E+00    7.428E-01    1.675E-01
   1.120E+00    7.308E-01    1.876E-01
   1.218E+00    8.217E-01    2.966E-01
   1.201E+00    8.195E-01    3.046E-01
   1.209E+00    8.877E-01    3.304E-01
   1.169E+00    9.149E-01    2.628E-01
   1.350E+00    9.895E-01    4.267E-01
   1.521E+00    1.028E+00    6.797E-01
   1.514E+00    1.026E+00    6.065E-01
   1.393E+00    1.027E+00    5.338E-01
   1.579E+00    1.068E+00    8.518E-01
   1.537E+00    9.913E-01    7.172E-01
   1.744E+00    1.078E+00    9.605E-01
   1.988E+00    1.125E+00    1.230E+00
   2.210E+00    1.070E+00    1.347E+00
   2.069E+00    9.948E-01    1.176E+00
   1.862E+00    9.187E-01    9.469E-01
   1.582E+00    8.533E-01    6.250E-01
   1.536E+00    8.587E-01    5.950E-01
   1.573E+00    8.541E-01    6.710E-01
   1.437E+00    8.215E-01    5.291E-01
   1.505E+00    7.833E-01    5.561E-01
   1.348E+00    7.860E-01    4.765E-01
   1.444E+00    7.703E-01    5.433E-01
   1.342E+00    7.661E-01    4.783E-01
   1.282E+00    7.420E-01    4.216E-01
   1.182E+00    6.984E-01    3.688E-01
   1.220E+00    6.879E-01    4.144E-01
   1.088E+00    6.496E-01    2.884E-01
   1.137E+00    6.468E-01    3.346E-01
   1.123E+00    6.149E-01    3.323E-01
   1.021E+00    5.729E-01    2.173E-01
   9.534E-01    6.020E-01    2.179E-01
   1.289E+00    1.087E+00    3.769E-01
