number of columns 10
number of rows    97
Unit of j-values: s^-1. Use j_no3a + j_no3b for NO3 photolysis, since the two channels are combined.
  time_hrs    sza_deg     j_o31d     j_h2o2      j_no2     j_no3a     j_no3b    j_ch2or    j_ch2om   j_ch3o2h
    0.0000    124.904  0.000E+00  0.000E+00  0.000E+00  0.000E+00  0.000E+00  0.000E+00  0.000E+00  0.000E+00
    0.2500    124.604  0.000E+00  0.000E+00  0.000E+00  0.000E+00  0.000E+00  0.000E+00  0.000E+00  0.000E+00
    0.5000    124.075  0.000E+00  0.000E+00  0.000E+00  0.000E+00  0.000E+00  0.000E+00  0.000E+00  0.000E+00
    0.7500    123.325  0.000E+00  0.000E+00  0.000E+00  0.000E+00  0.000E+00  0.000E+00  0.000E+00  0.000E+00
    1.0000    122.360  0.000E+00  0.000E+00  0.000E+00  0.000E+00  0.000E+00  0.000E+00  0.000E+00  0.000E+00
    1.2500    121.193  0.000E+00  0.000E+00  0.000E+00  0.000E+00  0.000E+00  0.000E+00  0.000E+00  0.000E+00
    1.5000    119.834  0.000E+00  0.000E+00  0.000E+00  0.000E+00  0.000E+00  0.000E+00  0.000E+00  0.000E+00
    1.7500    118.298  0.000E+00  0.000E+00  0.000E+00  0.000E+00  0.000E+00  0.000E+00  0.000E+00  0.000E+00
    2.0000    116.596  0.000E+00  0.000E+00  0.000E+00  0.000E+00  0.000E+00  0.000E+00  0.000E+00  0.000E+00
    2.2500    114.742  0.000E+00  0.000E+00  0.000E+00  0.000E+00  0.000E+00  0.000E+00  0.000E+00  0.000E+00
    2.5000    112.749  0.000E+00  0.000E+00  0.000E+00  0.000E+00  0.000E+00  0.000E+00  0.000E+00  0.000E+00
    2.7500    110.628  0.000E+00  0.000E+00  0.000E+00  0.000E+00  0.000E+00  0.000E+00  0.000E+00  0.000E+00
    3.0000    108.392  0.000E+00  0.000E+00  0.000E+00  0.000E+00  0.000E+00  0.000E+00  0.000E+00  0.000E+00
    3.2500    106.052  0.000E+00  0.000E+00  0.000E+00  0.000E+00  0.000E+00  0.000E+00  0.000E+00  0.000E+00
    3.5000    103.616  0.000E+00  0.000E+00  0.000E+00  0.000E+00  0.000E+00  0.000E+00  0.000E+00  0.000E+00
    3.7500    101.095  0.000E+00  0.000E+00  0.000E+00  0.000E+00  0.000E+00  0.000E+00  0.000E+00  0.000E+00
    4.0000     98.496  3.794E-12  3.466E-12  1.080E-08  3.699E-08  2.943E-07  1.038E-11  2.863E-11  2.931E-12
    4.2500     95.827  2.090E-10  2.086E-10  5.797E-07  4.333E-07  4.897E-06  5.621E-10  1.768E-09  1.768E-10
    4.5000     93.095  5.664E-09  5.190E-09  1.499E-05  2.157E-05  1.921E-04  1.406E-08  4.376E-08  4.407E-09
    4.7500     90.306  3.242E-08  3.743E-08  1.181E-04  2.824E-04  2.370E-03  9.725E-08  3.219E-07  3.208E-08
    5.0000     87.465  9.978E-08  1.231E-07  3.704E-04  1.209E-03  9.198E-03  3.407E-07  1.054E-06  1.045E-07
    5.2500     84.578  2.283E-07  2.645E-07  7.484E-04  3.521E-03  2.492E-02  7.949E-07  2.225E-06  2.219E-07
    5.5000     81.649  4.499E-07  4.652E-07  1.273E-03  6.436E-03  4.603E-02  1.491E-06  3.832E-06  3.868E-07
    5.7500     78.683  8.095E-07  7.323E-07  1.939E-03  9.201E-03  6.709E-02  2.461E-06  5.908E-06  6.045E-07
    6.0000     75.682  1.368E-06  1.072E-06  2.703E-03  1.162E-02  8.619E-02  3.742E-06  8.473E-06  8.782E-07
    6.2500     72.651  2.179E-06  1.474E-06  3.507E-03  1.369E-02  1.029E-01  5.312E-06  1.142E-05  1.198E-06
    6.5000     69.593  3.292E-06  1.927E-06  4.314E-03  1.546E-02  1.173E-01  7.142E-06  1.464E-05  1.555E-06
    6.7500     66.511  4.733E-06  2.416E-06  5.096E-03  1.698E-02  1.299E-01  9.172E-06  1.800E-05  1.935E-06
    7.0000     63.407  6.512E-06  2.927E-06  5.840E-03  1.829E-02  1.408E-01  1.134E-05  2.141E-05  2.328E-06
    7.2500     60.284  8.616E-06  3.447E-06  6.536E-03  1.943E-02  1.503E-01  1.360E-05  2.479E-05  2.726E-06
    7.5000     57.146  1.102E-05  3.968E-06  7.182E-03  2.043E-02  1.587E-01  1.589E-05  2.808E-05  3.120E-06
    7.7500     53.993  1.368E-05  4.481E-06  7.775E-03  2.130E-02  1.660E-01  1.818E-05  3.123E-05  3.506E-06
    8.0000     50.830  1.655E-05  4.978E-06  8.318E-03  2.206E-02  1.725E-01  2.042E-05  3.421E-05  3.878E-06
    8.2500     47.658  1.957E-05  5.455E-06  8.811E-03  2.273E-02  1.781E-01  2.258E-05  3.701E-05  4.233E-06
    8.5000     44.481  2.270E-05  5.909E-06  9.256E-03  2.332E-02  1.830E-01  2.466E-05  3.961E-05  4.568E-06
    8.7500     41.301  2.582E-05  6.328E-06  9.649E-03  2.382E-02  1.873E-01  2.659E-05  4.197E-05  4.877E-06
    9.0000     38.122  2.894E-05  6.723E-06  1.001E-02  2.426E-02  1.910E-01  2.841E-05  4.416E-05  5.167E-06
    9.2500     34.950  3.203E-05  7.088E-06  1.032E-02  2.464E-02  1.943E-01  3.010E-05  4.614E-05  5.434E-06
    9.5000     31.789  3.503E-05  7.430E-06  1.061E-02  2.498E-02  1.971E-01  3.169E-05  4.797E-05  5.683E-06
    9.7500     28.648  3.780E-05  7.729E-06  1.085E-02  2.526E-02  1.995E-01  3.309E-05  4.955E-05  5.901E-06
   10.0000     25.538  4.037E-05  7.995E-06  1.106E-02  2.549E-02  2.015E-01  3.433E-05  5.094E-05  6.093E-06
   10.2500     22.475  4.268E-05  8.226E-06  1.124E-02  2.569E-02  2.032E-01  3.541E-05  5.213E-05  6.260E-06
   10.5000     19.487  4.471E-05  8.423E-06  1.138E-02  2.585E-02  2.045E-01  3.633E-05  5.314E-05  6.402E-06
   10.7500     16.615  4.642E-05  8.585E-06  1.150E-02  2.598E-02  2.056E-01  3.709E-05  5.396E-05  6.519E-06
   11.0000     13.936  4.780E-05  8.713E-06  1.160E-02  2.608E-02  2.065E-01  3.769E-05  5.460E-05  6.611E-06
   11.2500     11.589  4.882E-05  8.806E-06  1.166E-02  2.615E-02  2.071E-01  3.813E-05  5.507E-05  6.679E-06
   11.5000      9.817  4.947E-05  8.865E-06  1.171E-02  2.619E-02  2.074E-01  3.841E-05  5.536E-05  6.721E-06
   11.7500      8.970  4.975E-05  8.890E-06  1.172E-02  2.621E-02  2.076E-01  3.852E-05  5.549E-05  6.739E-06
   12.0000      9.304  4.964E-05  8.881E-06  1.172E-02  2.620E-02  2.075E-01  3.848E-05  5.544E-05  6.732E-06
   12.2500     10.710  4.916E-05  8.837E-06  1.169E-02  2.617E-02  2.072E-01  3.827E-05  5.522E-05  6.700E-06
   12.5000     12.838  4.830E-05  8.759E-06  1.163E-02  2.611E-02  2.067E-01  3.791E-05  5.483E-05  6.644E-06
   12.7500     15.391  4.708E-05  8.646E-06  1.155E-02  2.603E-02  2.060E-01  3.738E-05  5.427E-05  6.563E-06
   13.0000     18.189  4.551E-05  8.499E-06  1.144E-02  2.591E-02  2.051E-01  3.669E-05  5.352E-05  6.457E-06
   13.2500     21.132  4.362E-05  8.318E-06  1.131E-02  2.577E-02  2.038E-01  3.584E-05  5.260E-05  6.327E-06
   13.5000     24.166  4.143E-05  8.102E-06  1.114E-02  2.559E-02  2.023E-01  3.483E-05  5.149E-05  6.171E-06
   13.7500     27.257  3.897E-05  7.852E-06  1.095E-02  2.537E-02  2.004E-01  3.366E-05  5.019E-05  5.989E-06
   14.0000     30.385  3.629E-05  7.567E-06  1.072E-02  2.511E-02  1.982E-01  3.233E-05  4.870E-05  5.783E-06
   14.2500     33.538  3.341E-05  7.249E-06  1.046E-02  2.480E-02  1.956E-01  3.085E-05  4.701E-05  5.551E-06
   14.5000     36.706  3.030E-05  6.889E-06  1.015E-02  2.444E-02  1.925E-01  2.918E-05  4.507E-05  5.288E-06
   14.7500     39.881  2.722E-05  6.508E-06  9.812E-03  2.402E-02  1.890E-01  2.742E-05  4.297E-05  5.009E-06
   15.0000     43.061  2.411E-05  6.102E-06  9.439E-03  2.355E-02  1.850E-01  2.555E-05  4.071E-05  4.711E-06
   15.2500     46.239  2.096E-05  5.661E-06  9.015E-03  2.300E-02  1.804E-01  2.352E-05  3.820E-05  4.385E-06
   15.5000     49.413  1.788E-05  5.194E-06  8.544E-03  2.237E-02  1.751E-01  2.139E-05  3.548E-05  4.038E-06
   15.7500     52.580  1.494E-05  4.705E-06  8.024E-03  2.165E-02  1.690E-01  1.918E-05  3.258E-05  3.674E-06
   16.0000     55.737  1.218E-05  4.199E-06  7.453E-03  2.083E-02  1.621E-01  1.692E-05  2.950E-05  3.294E-06
   16.2500     58.881  9.656E-06  3.681E-06  6.831E-03  1.990E-02  1.542E-01  1.462E-05  2.627E-05  2.903E-06
   16.5000     62.010  7.415E-06  3.159E-06  6.157E-03  1.882E-02  1.452E-01  1.235E-05  2.293E-05  2.506E-06
   16.7500     65.121  5.489E-06  2.643E-06  5.435E-03  1.759E-02  1.349E-01  1.013E-05  1.953E-05  2.110E-06
   17.0000     68.213  3.897E-06  2.142E-06  4.669E-03  1.617E-02  1.232E-01  8.031E-06  1.613E-05  1.723E-06
   17.2500     71.281  2.640E-06  1.672E-06  3.870E-03  1.452E-02  1.096E-01  6.107E-06  1.284E-05  1.355E-06
   17.5000     74.323  1.699E-06  1.245E-06  3.062E-03  1.259E-02  9.396E-02  4.412E-06  9.755E-06  1.017E-06
   17.7500     77.336  1.034E-06  8.771E-07  2.275E-03  1.033E-02  7.596E-02  3.001E-06  7.010E-06  7.216E-07
   18.0000     80.317  5.920E-07  5.772E-07  1.558E-03  7.722E-03  5.571E-02  1.893E-06  4.709E-06  4.783E-07
   18.2500     83.261  3.143E-07  3.472E-07  9.657E-04  4.824E-03  3.419E-02  1.077E-06  2.893E-06  2.900E-07
   18.5000     86.166  1.486E-07  1.800E-07  5.249E-04  2.101E-03  1.518E-02  5.177E-07  1.530E-06  1.520E-07
   18.7500     89.026  5.712E-08  6.957E-08  2.169E-04  5.725E-04  4.696E-03  1.845E-07  5.987E-07  5.945E-08
   19.0000     91.837  1.407E-08  1.446E-08  4.441E-05  8.908E-05  7.520E-04  3.775E-08  1.234E-07  1.237E-08
   19.2500     94.594  1.244E-09  1.108E-09  2.960E-06  2.456E-06  2.641E-05  3.107E-09  9.275E-09  9.323E-10
   19.5000     97.289  2.215E-11  1.638E-11  4.771E-08  8.329E-08  7.316E-07  4.638E-11  1.354E-10  1.386E-11
   19.7500     99.918  2.845E-15  2.020E-14  2.910E-10  2.129E-09  1.719E-08  1.207E-14  1.907E-13  2.260E-14
   20.0000    102.473  0.000E+00  0.000E+00  0.000E+00  0.000E+00  0.000E+00  0.000E+00  0.000E+00  0.000E+00
   20.2500    104.945  0.000E+00  0.000E+00  0.000E+00  0.000E+00  0.000E+00  0.000E+00  0.000E+00  0.000E+00
   20.5000    107.327  0.000E+00  0.000E+00  0.000E+00  0.000E+00  0.000E+00  0.000E+00  0.000E+00  0.000E+00
   20.7500    109.608  0.000E+00  0.000E+00  0.000E+00  0.000E+00  0.000E+00  0.000E+00  0.000E+00  0.000E+00
   21.0000    111.778  0.000E+00  0.000E+00  0.000E+00  0.000E+00  0.000E+00  0.000E+00  0.000E+00  0.000E+00
   21.2500    113.826  0.000E+00  0.000E+00  0.000E+00  0.000E+00  0.000E+00  0.000E+00  0.000E+00  0.000E+00
   21.5000    115.741  0.000E+00  0.000E+00  0.000E+00  0.000E+00  0.000E+00  0.000E+00  0.000E+00  0.000E+00
   21.7500    117.509  0.000E+00  0.000E+00  0.000E+00  0.000E+00  0.000E+00  0.000E+00  0.000E+00  0.000E+00
   22.0000    119.118  0.000E+00  0.000E+00  0.000E+00  0.000E+00  0.000E+00  0.000E+00  0.000E+00  0.000E+00
   22.2500    120.554  0.000E+00  0.000E+00  0.000E+00  0.000E+00  0.000E+00  0.000E+00  0.000E+00  0.000E+00
   22.5000    121.806  0.000E+00  0.000E+00  0.000E+00  0.000E+00  0.000E+00  0.000E+00  0.000E+00  0.000E+00
   22.7500    122.859  0.000E+00  0.000E+00  0.000E+00  0.000E+00  0.000E+00  0.000E+00  0.000E+00  0.000E+00
   23.0000    123.703  0.000E+00  0.000E+00  0.000E+00  0.000E+00  0.000E+00  0.000E+00  0.000E+00  0.000E+00
   23.2500    124.329  0.000E+00  0.000E+00  0.000E+00  0.000E+00  0.000E+00  0.000E+00  0.000E+00  0.000E+00
   23.5000    124.729  0.000E+00  0.000E+00  0.000E+00  0.000E+00  0.000E+00  0.000E+00  0.000E+00  0.000E+00
   23.7500    124.899  0.000E+00  0.000E+00  0.000E+00  0.000E+00  0.000E+00  0.000E+00  0.000E+00  0.000E+00
   24.0000    124.835  0.000E+00  0.000E+00  0.000E+00  0.000E+00  0.000E+00  0.000E+00  0.000E+00  0.000E+00
